0 0 0
1 0 25
2 -1 -1
3 1 73
4 1 97
5 1 121
6 0 145
7 -1 -1
8 -1 -1
9 -1 -1
10 30 0
11 -1 -1
12 30 49
13 30 73
14 33 97
15 30 118
16 -1 -1
17 -1 -1
18 -1 -1
19 -1 -1
20 -1 -1
21 -1 -1
22 -1 -1
23 -1 -1
24 -1 -1
25 -1 -1
26 -1 -1
27 -1 -1
28 -1 -1
29 -1 -1
30 -1 -1
31 -1 -1
32 -1 -1
33 -1 -1
34 -1 -1
35 -1 -1
36 -1 -1
37 -1 -1
38 -1 -1
39 -1 -1
40 126 1
41 -1 -1
42 -1 -1
43 -1 -1
44 -1 -1
45 -1 -1
46 -1 -1
47 -1 -1
48 -1 -1
49 -1 -1
50 158 1
51 158 25
52 -1 -1
53 -1 -1
54 -1 -1
55 -1 -1
56 -1 -1
57 -1 -1
58 -1 -1
59 -1 -1
60 -1 -1
61 -1 -1
62 -1 -1
63 -1 -1
64 -1 -1
65 -1 -1
66 -1 -1
67 -1 -1
68 -1 -1
69 -1 -1
70 -1 -1
71 -1 -1
72 -1 -1
73 -1 -1
74 -1 -1
75 -1 -1
76 -1 -1
77 -1 -1
78 -1 -1
79 -1 -1
80 -1 -1
81 -1 -1
82 -1 -1
83 -1 -1
84 -1 -1
85 -1 -1
86 -1 -1
87 -1 -1
88 -1 -1
89 -1 -1
90 -1 -1
91 -1 -1
92 -1 -1
93 -1 -1
94 -1 -1
95 -1 -1
96 -1 -1
97 -1 -1
98 -1 -1
99 -1 -1
0 0 0
1 -1 -1
2 -1 -1
3 1 73
4 0 97
5 1 118
6 0 145
7 -1 -1
8 -1 -1
9 -1 -1
10 33 1
11 -1 -1
12 -1 -1
13 30 73
14 -1 -1
15 -1 -1
16 -1 -1
17 -1 -1
18 -1 -1
19 -1 -1
20 -1 -1
21 -1 -1
22 -1 -1
23 -1 -1
24 -1 -1
25 -1 -1
26 -1 -1
27 -1 -1
28 -1 -1
29 -1 -1
30 94 0
31 -1 -1
32 -1 -1
33 -1 -1
34 -1 -1
35 -1 -1
36 -1 -1
37 -1 -1
38 -1 -1
39 -1 -1
40 126 1
41 -1 -1
42 -1 -1
43 -1 -1
44 -1 -1
45 -1 -1
46 -1 -1
47 -1 -1
48 -1 -1
49 -1 -1
50 -1 -1
51 -1 -1
52 -1 -1
53 -1 -1
54 -1 -1
55 -1 -1
56 -1 -1
57 -1 -1
58 -1 -1
59 -1 -1
60 193 0
61 -1 -1
62 -1 -1
63 -1 -1
64 -1 -1
65 -1 -1
66 -1 -1
67 -1 -1
68 -1 -1
69 -1 -1
70 -1 -1
71 -1 -1
72 -1 -1
73 -1 -1
74 -1 -1
75 -1 -1
76 -1 -1
77 -1 -1
78 -1 -1
79 -1 -1
80 -1 -1
81 -1 -1
82 -1 -1
83 -1 -1
84 -1 -1
85 -1 -1
86 -1 -1
87 -1 -1
88 -1 -1
89 -1 -1
90 -1 -1
91 -1 -1
92 -1 -1
93 -1 -1
94 -1 -1
95 -1 -1
96 -1 -1
97 -1 -1
98 -1 -1
99 -1 -1
0 0 0
1 -1 -1
2 -1 -1
3 0 73
4 -1 -1
5 1 121
6 -1 -1
7 -1 -1
8 -1 -1
9 -1 -1
10 -1 -1
11 -1 -1
12 -1 -1
13 -1 -1
14 -1 -1
15 -1 -1
16 -1 -1
17 -1 -1
18 -1 -1
19 -1 -1
20 -1 -1
21 62 22
22 -1 -1
23 -1 -1
24 -1 -1
25 -1 -1
26 -1 -1
27 -1 -1
28 -1 -1
29 -1 -1
30 94 1
31 -1 -1
32 -1 -1
33 -1 -1
34 -1 -1
35 -1 -1
36 -1 -1
37 -1 -1
38 -1 -1
39 -1 -1
40 126 1
41 -1 -1
42 -1 -1
43 -1 -1
44 -1 -1
45 -1 -1
46 -1 -1
47 -1 -1
48 -1 -1
49 -1 -1
50 -1 -1
51 -1 -1
52 -1 -1
53 -1 -1
54 -1 -1
55 -1 -1
56 -1 -1
57 -1 -1
58 -1 -1
59 -1 -1
60 -1 -1
61 -1 -1
62 -1 -1
63 -1 -1
64 -1 -1
65 -1 -1
66 -1 -1
67 -1 -1
68 -1 -1
69 -1 -1
70 -1 -1
71 -1 -1
72 -1 -1
73 -1 -1
74 -1 -1
75 -1 -1
76 -1 -1
77 -1 -1
78 -1 -1
79 -1 -1
80 -1 -1
81 -1 -1
82 -1 -1
83 -1 -1
84 -1 -1
85 -1 -1
86 -1 -1
87 -1 -1
88 -1 -1
89 -1 -1
90 -1 -1
91 -1 -1
92 -1 -1
93 -1 -1
94 -1 -1
95 -1 -1
96 -1 -1
97 -1 -1
98 -1 -1
99 -1 -1
0 0 1
1 -1 -1
2 -1 -1
3 0 72
4 -1 -1
5 -1 -1
6 -1 -1
7 -1 -1
8 -1 -1
9 -1 -1
10 33 0
11 -1 -1
12 -1 -1
13 -1 -1
14 -1 -1
15 -1 -1
16 -1 -1
17 -1 -1
18 -1 -1
19 -1 -1
20 62 1
21 62 24
22 -1 -1
23 -1 -1
24 -1 -1
25 -1 -1
26 -1 -1
27 -1 -1
28 -1 -1
29 -1 -1
30 94 0
31 -1 -1
32 -1 -1
33 -1 -1
34 -1 -1
35 -1 -1
36 -1 -1
37 -1 -1
38 -1 -1
39 -1 -1
40 -1 -1
41 -1 -1
42 -1 -1
43 -1 -1
44 -1 -1
45 -1 -1
46 -1 -1
47 -1 -1
48 -1 -1
49 -1 -1
50 -1 -1
51 -1 -1
52 -1 -1
53 -1 -1
54 -1 -1
55 -1 -1
56 -1 -1
57 -1 -1
58 -1 -1
59 -1 -1
60 -1 -1
61 -1 -1
62 -1 -1
63 -1 -1
64 -1 -1
65 -1 -1
66 -1 -1
67 -1 -1
68 -1 -1
69 -1 -1
70 -1 -1
71 -1 -1
72 -1 -1
73 -1 -1
74 -1 -1
75 -1 -1
76 -1 -1
77 -1 -1
78 -1 -1
79 -1 -1
80 -1 -1
81 -1 -1
82 -1 -1
83 -1 -1
84 -1 -1
85 -1 -1
86 -1 -1
87 -1 -1
88 -1 -1
89 -1 -1
90 -1 -1
91 -1 -1
92 -1 -1
93 -1 -1
94 -1 -1
95 -1 -1
96 -1 -1
97 -1 -1
98 -1 -1
99 -1 -1
0 1 0
1 -1 -1
2 0 49
3 1 73
4 -1 -1
5 -1 -1
6 -1 -1
7 -1 -1
8 -1 -1
9 -1 -1
10 33 0
11 30 25
12 -1 -1
13 -1 -1
14 -1 -1
15 -1 -1
16 -1 -1
17 -1 -1
18 -1 -1
19 -1 -1
20 64 1
21 -1 -1
22 -1 -1
23 -1 -1
24 -1 -1
25 -1 -1
26 -1 -1
27 -1 -1
28 -1 -1
29 -1 -1
30 94 1
31 -1 -1
32 -1 -1
33 -1 -1
34 -1 -1
35 -1 -1
36 -1 -1
37 -1 -1
38 -1 -1
39 -1 -1
40 -1 -1
41 -1 -1
42 -1 -1
43 -1 -1
44 -1 -1
45 -1 -1
46 -1 -1
47 -1 -1
48 -1 -1
49 -1 -1
50 -1 -1
51 -1 -1
52 -1 -1
53 -1 -1
54 -1 -1
55 -1 -1
56 160 145
57 -1 -1
58 -1 -1
59 -1 -1
60 -1 -1
61 -1 -1
62 -1 -1
63 -1 -1
64 -1 -1
65 -1 -1
66 -1 -1
67 -1 -1
68 -1 -1
69 -1 -1
70 -1 -1
71 -1 -1
72 -1 -1
73 -1 -1
74 -1 -1
75 -1 -1
76 -1 -1
77 -1 -1
78 -1 -1
79 -1 -1
80 -1 -1
81 -1 -1
82 -1 -1
83 -1 -1
84 -1 -1
85 -1 -1
86 -1 -1
87 -1 -1
88 -1 -1
89 -1 -1
90 -1 -1
91 -1 -1
92 -1 -1
93 -1 -1
94 -1 -1
95 -1 -1
96 -1 -1
97 -1 -1
98 -1 -1
99 -1 -1
0 0 0
1 0 25
2 1 46
3 -1 -1
4 -1 -1
5 -1 -1
6 -1 -1
7 -1 -1
8 -1 -1
9 -1 -1
10 32 1
11 -1 -1
12 -1 -1
13 -1 -1
14 -1 -1
15 -1 -1
16 -1 -1
17 -1 -1
18 -1 -1
19 -1 -1
20 65 0
21 -1 -1
22 -1 -1
23 -1 -1
24 -1 -1
25 -1 -1
26 -1 -1
27 -1 -1
28 -1 -1
29 -1 -1
30 94 1
31 -1 -1
32 -1 -1
33 -1 -1
34 -1 -1
35 -1 -1
36 -1 -1
37 -1 -1
38 -1 -1
39 -1 -1
40 -1 -1
41 -1 -1
42 129 46
43 -1 -1
44 -1 -1
45 -1 -1
46 129 145
47 -1 -1
48 -1 -1
49 -1 -1
50 -1 -1
51 -1 -1
52 -1 -1
53 -1 -1
54 -1 -1
55 -1 -1
56 161 145
57 -1 -1
58 -1 -1
59 -1 -1
60 -1 -1
61 -1 -1
62 -1 -1
63 -1 -1
64 -1 -1
65 -1 -1
66 -1 -1
67 -1 -1
68 -1 -1
69 -1 -1
70 -1 -1
71 -1 -1
72 -1 -1
73 -1 -1
74 -1 -1
75 -1 -1
76 -1 -1
77 -1 -1
78 -1 -1
79 -1 -1
80 -1 -1
81 -1 -1
82 -1 -1
83 -1 -1
84 -1 -1
85 -1 -1
86 -1 -1
87 -1 -1
88 -1 -1
89 -1 -1
90 -1 -1
91 -1 -1
92 -1 -1
93 -1 -1
94 -1 -1
95 -1 -1
96 -1 -1
97 -1 -1
98 -1 -1
99 -1 -1
0 1 0
1 -1 -1
2 -1 -1
3 0 73
4 -1 -1
5 -1 -1
6 -1 -1
7 -1 -1
8 -1 -1
9 -1 -1
10 30 1
11 -1 -1
12 -1 -1
13 33 73
14 -1 -1
15 -1 -1
16 -1 -1
17 -1 -1
18 -1 -1
19 -1 -1
20 62 0
21 65 25
22 65 49
23 -1 -1
24 -1 -1
25 -1 -1
26 -1 -1
27 -1 -1
28 -1 -1
29 -1 -1
30 94 1
31 -1 -1
32 -1 -1
33 -1 -1
34 -1 -1
35 -1 -1
36 -1 -1
37 -1 -1
38 -1 -1
39 -1 -1
40 -1 -1
41 -1 -1
42 129 46
43 -1 -1
44 -1 -1
45 -1 -1
46 -1 -1
47 -1 -1
48 -1 -1
49 -1 -1
50 -1 -1
51 -1 -1
52 -1 -1
53 -1 -1
54 -1 -1
55 -1 -1
56 -1 -1
57 -1 -1
58 -1 -1
59 -1 -1
60 -1 -1
61 -1 -1
62 -1 -1
63 -1 -1
64 -1 -1
65 -1 -1
66 -1 -1
67 -1 -1
68 -1 -1
69 -1 -1
70 -1 -1
71 -1 -1
72 -1 -1
73 -1 -1
74 -1 -1
75 -1 -1
76 -1 -1
77 -1 -1
78 -1 -1
79 -1 -1
80 -1 -1
81 -1 -1
82 -1 -1
83 -1 -1
84 -1 -1
85 -1 -1
86 -1 -1
87 -1 -1
88 -1 -1
89 -1 -1
90 -1 -1
91 -1 -1
92 -1 -1
93 -1 -1
94 -1 -1
95 -1 -1
96 -1 -1
97 -1 -1
98 -1 -1
99 -1 -1
0 0 1
1 -1 -1
2 0 46
3 1 73
4 -1 -1
5 -1 -1
6 -1 -1
7 -1 -1
8 -1 -1
9 -1 -1
10 30 0
11 -1 -1
12 33 49
13 30 73
14 -1 -1
15 -1 -1
16 -1 -1
17 -1 -1
18 -1 -1
19 -1 -1
20 65 1
21 -1 -1
22 62 49
23 62 70
24 -1 -1
25 -1 -1
26 -1 -1
27 -1 -1
28 -1 -1
29 -1 -1
30 -1 -1
31 -1 -1
32 -1 -1
33 -1 -1
34 -1 -1
35 94 121
36 -1 -1
37 -1 -1
38 -1 -1
39 -1 -1
40 -1 -1
41 -1 -1
42 129 47
43 -1 -1
44 -1 -1
45 -1 -1
46 129 145
47 -1 -1
48 -1 -1
49 -1 -1
50 -1 -1
51 -1 -1
52 -1 -1
53 -1 -1
54 -1 -1
55 -1 -1
56 161 145
57 -1 -1
58 -1 -1
59 -1 -1
60 193 1
61 -1 -1
62 -1 -1
63 -1 -1
64 -1 -1
65 -1 -1
66 -1 -1
67 -1 -1
68 -1 -1
69 -1 -1
70 -1 -1
71 -1 -1
72 -1 -1
73 -1 -1
74 -1 -1
75 -1 -1
76 -1 -1
77 -1 -1
78 -1 -1
79 -1 -1
80 -1 -1
81 -1 -1
82 -1 -1
83 -1 -1
84 -1 -1
85 -1 -1
86 -1 -1
87 -1 -1
88 -1 -1
89 -1 -1
90 -1 -1
91 -1 -1
92 -1 -1
93 -1 -1
94 -1 -1
95 -1 -1
96 -1 -1
97 -1 -1
98 -1 -1
99 -1 -1
0 0 0
1 -1 -1
2 -1 -1
3 1 73
4 -1 -1
5 -1 -1
6 -1 -1
7 -1 -1
8 -1 -1
9 -1 -1
10 30 1
11 -1 -1
12 32 49
13 30 71
14 30 97
15 -1 -1
16 -1 -1
17 30 169
18 -1 -1
19 -1 -1
20 64 1
21 -1 -1
22 62 49
23 62 70
24 -1 -1
25 -1 -1
26 -1 -1
27 -1 -1
28 -1 -1
29 -1 -1
30 -1 -1
31 -1 -1
32 -1 -1
33 -1 -1
34 -1 -1
35 94 121
36 -1 -1
37 -1 -1
38 -1 -1
39 -1 -1
40 -1 -1
41 -1 -1
42 -1 -1
43 -1 -1
44 -1 -1
45 -1 -1
46 -1 -1
47 -1 -1
48 -1 -1
49 -1 -1
50 -1 -1
51 -1 -1
52 -1 -1
53 -1 -1
54 -1 -1
55 -1 -1
56 161 145
57 -1 -1
58 -1 -1
59 -1 -1
60 -1 -1
61 -1 -1
62 -1 -1
63 -1 -1
64 -1 -1
65 -1 -1
66 -1 -1
67 -1 -1
68 -1 -1
69 -1 -1
70 -1 -1
71 -1 -1
72 -1 -1
73 -1 -1
74 -1 -1
75 -1 -1
76 -1 -1
77 -1 -1
78 -1 -1
79 -1 -1
80 -1 -1
81 -1 -1
82 -1 -1
83 -1 -1
84 -1 -1
85 -1 -1
86 -1 -1
87 -1 -1
88 -1 -1
89 -1 -1
90 -1 -1
91 -1 -1
92 -1 -1
93 -1 -1
94 -1 -1
95 -1 -1
96 -1 -1
97 -1 -1
98 -1 -1
99 -1 -1
0 0 0
1 0 22
2 1 49
3 0 70
4 0 97
5 -1 -1
6 -1 -1
7 -1 -1
8 -1 -1
9 -1 -1
10 30 1
11 30 22
12 30 49
13 30 70
14 -1 -1
15 -1 -1
16 -1 -1
17 -1 -1
18 -1 -1
19 -1 -1
20 -1 -1
21 -1 -1
22 65 46
23 -1 -1
24 -1 -1
25 -1 -1
26 -1 -1
27 -1 -1
28 -1 -1
29 -1 -1
30 -1 -1
31 -1 -1
32 -1 -1
33 -1 -1
34 -1 -1
35 94 121
36 -1 -1
37 -1 -1
38 -1 -1
39 -1 -1
40 -1 -1
41 -1 -1
42 -1 -1
43 -1 -1
44 -1 -1
45 -1 -1
46 -1 -1
47 -1 -1
48 -1 -1
49 -1 -1
50 -1 -1
51 -1 -1
52 -1 -1
53 -1 -1
54 -1 -1
55 158 121
56 -1 -1
57 -1 -1
58 -1 -1
59 -1 -1
60 -1 -1
61 -1 -1
62 -1 -1
63 -1 -1
64 -1 -1
65 -1 -1
66 -1 -1
67 -1 -1
68 -1 -1
69 -1 -1
70 -1 -1
71 -1 -1
72 -1 -1
73 -1 -1
74 -1 -1
75 -1 -1
76 -1 -1
77 -1 -1
78 -1 -1
79 -1 -1
80 -1 -1
81 -1 -1
82 -1 -1
83 -1 -1
84 -1 -1
85 -1 -1
86 -1 -1
87 -1 -1
88 -1 -1
89 -1 -1
90 -1 -1
91 -1 -1
92 -1 -1
93 -1 -1
94 -1 -1
95 -1 -1
96 -1 -1
97 -1 -1
98 -1 -1
99 -1 -1
0 0 1
1 0 25
2 1 46
3 1 70
4 -1 -1
5 -1 -1
6 -1 -1
7 -1 -1
8 -1 -1
9 -1 -1
10 -1 -1
11 30 25
12 30 46
13 30 73
14 -1 -1
15 30 118
16 -1 -1
17 -1 -1
18 -1 -1
19 -1 -1
20 -1 -1
21 -1 -1
22 -1 -1
23 62 73
24 -1 -1
25 -1 -1
26 -1 -1
27 -1 -1
28 -1 -1
29 -1 -1
30 -1 -1
31 -1 -1
32 -1 -1
33 -1 -1
34 94 97
35 94 121
36 -1 -1
37 -1 -1
38 -1 -1
39 -1 -1
40 -1 -1
41 -1 -1
42 -1 -1
43 -1 -1
44 -1 -1
45 -1 -1
46 -1 -1
47 -1 -1
48 -1 -1
49 -1 -1
50 -1 -1
51 -1 -1
52 -1 -1
53 -1 -1
54 -1 -1
55 158 121
56 -1 -1
57 -1 -1
58 -1 -1
59 -1 -1
60 -1 -1
61 -1 -1
62 -1 -1
63 -1 -1
64 -1 -1
65 -1 -1
66 -1 -1
67 -1 -1
68 -1 -1
69 -1 -1
70 -1 -1
71 -1 -1
72 -1 -1
73 -1 -1
74 -1 -1
75 -1 -1
76 -1 -1
77 -1 -1
78 -1 -1
79 -1 -1
80 -1 -1
81 -1 -1
82 -1 -1
83 -1 -1
84 -1 -1
85 -1 -1
86 -1 -1
87 -1 -1
88 -1 -1
89 -1 -1
90 -1 -1
91 -1 -1
92 -1 -1
93 -1 -1
94 -1 -1
95 -1 -1
96 -1 -1
97 -1 -1
98 -1 -1
99 -1 -1
0 0 1
1 0 25
2 0 49
3 -1 -1
4 -1 -1
5 -1 -1
6 -1 -1
7 0 166
8 -1 -1
9 -1 -1
10 -1 -1
11 -1 -1
12 30 49
13 30 70
14 -1 -1
15 -1 -1
16 -1 -1
17 -1 -1
18 -1 -1
19 -1 -1
20 -1 -1
21 -1 -1
22 62 47
23 -1 -1
24 -1 -1
25 -1 -1
26 -1 -1
27 -1 -1
28 -1 -1
29 -1 -1
30 -1 -1
31 -1 -1
32 -1 -1
33 -1 -1
34 94 97
35 94 121
36 -1 -1
37 -1 -1
38 -1 -1
39 -1 -1
40 -1 -1
41 -1 -1
42 -1 -1
43 -1 -1
44 -1 -1
45 -1 -1
46 -1 -1
47 -1 -1
48 -1 -1
49 -1 -1
50 -1 -1
51 -1 -1
52 -1 -1
53 -1 -1
54 -1 -1
55 158 121
56 -1 -1
57 -1 -1
58 -1 -1
59 -1 -1
60 -1 -1
61 -1 -1
62 -1 -1
63 -1 -1
64 -1 -1
65 -1 -1
66 -1 -1
67 -1 -1
68 -1 -1
69 -1 -1
70 -1 -1
71 -1 -1
72 -1 -1
73 -1 -1
74 -1 -1
75 -1 -1
76 -1 -1
77 -1 -1
78 -1 -1
79 -1 -1
80 -1 -1
81 -1 -1
82 -1 -1
83 -1 -1
84 -1 -1
85 -1 -1
86 -1 -1
87 -1 -1
88 -1 -1
89 -1 -1
90 -1 -1
91 -1 -1
92 -1 -1
93 -1 -1
94 -1 -1
95 -1 -1
96 -1 -1
97 -1 -1
98 -1 -1
99 -1 -1
0 0 1
1 0 25
2 1 49
3 0 73
4 -1 -1
5 -1 -1
6 -1 -1
7 0 166
8 -1 -1
9 -1 -1
10 -1 -1
11 -1 -1
12 30 49
13 30 70
14 -1 -1
15 -1 -1
16 -1 -1
17 -1 -1
18 -1 -1
19 -1 -1
20 -1 -1
21 -1 -1
22 65 47
23 -1 -1
24 -1 -1
25 -1 -1
26 -1 -1
27 -1 -1
28 -1 -1
29 -1 -1
30 -1 -1
31 -1 -1
32 -1 -1
33 -1 -1
34 -1 -1
35 94 121
36 -1 -1
37 -1 -1
38 -1 -1
39 -1 -1
40 -1 -1
41 -1 -1
42 -1 -1
43 -1 -1
44 -1 -1
45 126 121
46 -1 -1
47 -1 -1
48 -1 -1
49 -1 -1
50 -1 -1
51 -1 -1
52 -1 -1
53 -1 -1
54 -1 -1
55 158 121
56 -1 -1
57 -1 -1
58 -1 -1
59 -1 -1
60 -1 -1
61 190 23
62 -1 -1
63 -1 -1
64 -1 -1
65 -1 -1
66 -1 -1
67 -1 -1
68 -1 -1
69 -1 -1
70 -1 -1
71 -1 -1
72 -1 -1
73 -1 -1
74 -1 -1
75 -1 -1
76 -1 -1
77 -1 -1
78 -1 -1
79 -1 -1
80 -1 -1
81 -1 -1
82 -1 -1
83 -1 -1
84 -1 -1
85 -1 -1
86 -1 -1
87 -1 -1
88 -1 -1
89 -1 -1
90 -1 -1
91 -1 -1
92 -1 -1
93 -1 -1
94 -1 -1
95 -1 -1
96 -1 -1
97 -1 -1
98 -1 -1
99 -1 -1
0 0 1
1 0 25
2 1 49
3 1 73
4 1 97
5 -1 -1
6 -1 -1
7 -1 -1
8 -1 -1
9 -1 -1
10 -1 -1
11 -1 -1
12 31 49
13 30 70
14 -1 -1
15 -1 -1
16 -1 -1
17 -1 -1
18 -1 -1
19 -1 -1
20 -1 -1
21 62 25
22 -1 -1
23 -1 -1
24 -1 -1
25 -1 -1
26 -1 -1
27 -1 -1
28 -1 -1
29 -1 -1
30 -1 -1
31 -1 -1
32 -1 -1
33 -1 -1
34 -1 -1
35 94 118
36 -1 -1
37 -1 -1
38 -1 -1
39 -1 -1
40 -1 -1
41 -1 -1
42 -1 -1
43 -1 -1
44 -1 -1
45 126 121
46 -1 -1
47 -1 -1
48 -1 -1
49 -1 -1
50 -1 -1
51 -1 -1
52 -1 -1
53 -1 -1
54 -1 -1
55 -1 -1
56 -1 -1
57 -1 -1
58 -1 -1
59 -1 -1
60 -1 -1
61 190 23
62 -1 -1
63 -1 -1
64 -1 -1
65 -1 -1
66 -1 -1
67 -1 -1
68 -1 -1
69 -1 -1
70 -1 -1
71 -1 -1
72 -1 -1
73 -1 -1
74 -1 -1
75 -1 -1
76 -1 -1
77 -1 -1
78 -1 -1
79 -1 -1
80 -1 -1
81 -1 -1
82 -1 -1
83 -1 -1
84 -1 -1
85 -1 -1
86 -1 -1
87 -1 -1
88 -1 -1
89 -1 -1
90 -1 -1
91 -1 -1
92 -1 -1
93 -1 -1
94 -1 -1
95 -1 -1
96 -1 -1
97 -1 -1
98 -1 -1
99 -1 -1
0 0 1
1 0 25
2 1 49
3 1 73
4 -1 -1
5 -1 -1
6 -1 -1
7 -1 -1
8 -1 -1
9 -1 -1
10 -1 -1
11 33 25
12 33 46
13 -1 -1
14 -1 -1
15 -1 -1
16 -1 -1
17 -1 -1
18 -1 -1
19 -1 -1
20 -1 -1
21 62 22
22 -1 -1
23 -1 -1
24 -1 -1
25 -1 -1
26 -1 -1
27 -1 -1
28 -1 -1
29 -1 -1
30 -1 -1
31 -1 -1
32 -1 -1
33 -1 -1
34 -1 -1
35 94 118
36 -1 -1
37 -1 -1
38 -1 -1
39 -1 -1
40 -1 -1
41 -1 -1
42 -1 -1
43 -1 -1
44 -1 -1
45 126 121
46 -1 -1
47 -1 -1
48 -1 -1
49 -1 -1
50 -1 -1
51 161 23
52 -1 -1
53 -1 -1
54 -1 -1
55 158 121
56 -1 -1
57 -1 -1
58 -1 -1
59 -1 -1
60 -1 -1
61 193 25
62 -1 -1
63 -1 -1
64 -1 -1
65 -1 -1
66 -1 -1
67 -1 -1
68 -1 -1
69 -1 -1
70 -1 -1
71 -1 -1
72 -1 -1
73 -1 -1
74 -1 -1
75 -1 -1
76 -1 -1
77 -1 -1
78 -1 -1
79 -1 -1
80 -1 -1
81 -1 -1
82 -1 -1
83 -1 -1
84 -1 -1
85 -1 -1
86 -1 -1
87 -1 -1
88 -1 -1
89 -1 -1
90 -1 -1
91 -1 -1
92 -1 -1
93 -1 -1
94 -1 -1
95 -1 -1
96 -1 -1
97 -1 -1
98 -1 -1
99 -1 -1
0 0 1
1 -1 -1
2 0 49
3 0 72
4 -1 -1
5 -1 -1
6 -1 -1
7 -1 -1
8 -1 -1
9 -1 -1
10 -1 -1
11 30 22
12 -1 -1
13 -1 -1
14 -1 -1
15 -1 -1
16 -1 -1
17 30 168
18 -1 -1
19 -1 -1
20 -1 -1
21 -1 -1
22 -1 -1
23 -1 -1
24 -1 -1
25 -1 -1
26 -1 -1
27 -1 -1
28 -1 -1
29 -1 -1
30 -1 -1
31 -1 -1
32 -1 -1
33 -1 -1
34 -1 -1
35 94 118
36 -1 -1
37 -1 -1
38 -1 -1
39 94 217
40 -1 -1
41 -1 -1
42 -1 -1
43 -1 -1
44 -1 -1
45 126 121
46 -1 -1
47 -1 -1
48 -1 -1
49 -1 -1
50 158 0
51 158 22
52 -1 -1
53 -1 -1
54 -1 -1
55 158 121
56 -1 -1
57 -1 -1
58 -1 -1
59 -1 -1
60 193 0
61 191 25
62 -1 -1
63 -1 -1
64 -1 -1
65 -1 -1
66 -1 -1
67 -1 -1
68 -1 -1
69 -1 -1
70 -1 -1
71 -1 -1
72 -1 -1
73 -1 -1
74 -1 -1
75 -1 -1
76 -1 -1
77 -1 -1
78 -1 -1
79 -1 -1
80 -1 -1
81 -1 -1
82 -1 -1
83 -1 -1
84 -1 -1
85 -1 -1
86 -1 -1
87 -1 -1
88 -1 -1
89 -1 -1
90 -1 -1
91 -1 -1
92 -1 -1
93 -1 -1
94 -1 -1
95 -1 -1
96 -1 -1
97 -1 -1
98 -1 -1
99 -1 -1
0 1 0
1 -1 -1
2 0 49
3 1 70
4 -1 -1
5 -1 -1
6 -1 -1
7 0 166
8 1 190
9 -1 -1
10 -1 -1
11 -1 -1
12 -1 -1
13 -1 -1
14 -1 -1
15 -1 -1
16 -1 -1
17 -1 -1
18 -1 -1
19 -1 -1
20 -1 -1
21 -1 -1
22 -1 -1
23 -1 -1
24 -1 -1
25 -1 -1
26 -1 -1
27 -1 -1
28 -1 -1
29 65 216
30 -1 -1
31 96 24
32 -1 -1
33 -1 -1
34 -1 -1
35 94 118
36 -1 -1
37 -1 -1
38 -1 -1
39 -1 -1
40 129 1
41 126 22
42 -1 -1
43 -1 -1
44 -1 -1
45 126 121
46 -1 -1
47 -1 -1
48 -1 -1
49 -1 -1
50 158 0
51 158 22
52 -1 -1
53 -1 -1
54 -1 -1
55 158 121
56 -1 -1
57 -1 -1
58 -1 -1
59 -1 -1
60 192 1
61 190 22
62 -1 -1
63 -1 -1
64 -1 -1
65 -1 -1
66 -1 -1
67 -1 -1
68 -1 -1
69 -1 -1
70 -1 -1
71 -1 -1
72 -1 -1
73 -1 -1
74 -1 -1
75 -1 -1
76 -1 -1
77 -1 -1
78 -1 -1
79 -1 -1
80 -1 -1
81 -1 -1
82 -1 -1
83 -1 -1
84 -1 -1
85 -1 -1
86 -1 -1
87 -1 -1
88 -1 -1
89 -1 -1
90 -1 -1
91 -1 -1
92 -1 -1
93 -1 -1
94 -1 -1
95 -1 -1
96 -1 -1
97 -1 -1
98 -1 -1
99 -1 -1
0 0 1
1 1 22
2 0 49
3 0 73
4 -1 -1
5 -1 -1
6 -1 -1
7 -1 -1
8 1 193
9 -1 -1
10 -1 -1
11 -1 -1
12 -1 -1
13 -1 -1
14 -1 -1
15 -1 -1
16 -1 -1
17 -1 -1
18 -1 -1
19 30 214
20 -1 -1
21 62 25
22 -1 -1
23 -1 -1
24 -1 -1
25 -1 -1
26 -1 -1
27 -1 -1
28 -1 -1
29 64 217
30 94 1
31 94 25
32 -1 -1
33 -1 -1
34 -1 -1
35 94 118
36 -1 -1
37 -1 -1
38 -1 -1
39 -1 -1
40 129 1
41 129 22
42 -1 -1
43 -1 -1
44 -1 -1
45 126 121
46 -1 -1
47 -1 -1
48 -1 -1
49 -1 -1
50 -1 -1
51 159 22
52 -1 -1
53 -1 -1
54 -1 -1
55 158 121
56 -1 -1
57 -1 -1
58 -1 -1
59 -1 -1
60 -1 -1
61 190 23
62 -1 -1
63 -1 -1
64 -1 -1
65 -1 -1
66 -1 -1
67 -1 -1
68 -1 -1
69 -1 -1
70 -1 -1
71 -1 -1
72 -1 -1
73 -1 -1
74 -1 -1
75 -1 -1
76 -1 -1
77 -1 -1
78 -1 -1
79 -1 -1
80 -1 -1
81 -1 -1
82 -1 -1
83 -1 -1
84 -1 -1
85 -1 -1
86 -1 -1
87 -1 -1
88 -1 -1
89 -1 -1
90 -1 -1
91 -1 -1
92 -1 -1
93 -1 -1
94 -1 -1
95 -1 -1
96 -1 -1
97 -1 -1
98 -1 -1
99 -1 -1
0 1 0
1 -1 -1
2 -1 -1
3 -1 -1
4 -1 -1
5 -1 -1
6 -1 -1
7 0 168
8 -1 -1
9 -1 -1
10 -1 -1
11 30 25
12 -1 -1
13 -1 -1
14 -1 -1
15 -1 -1
16 -1 -1
17 -1 -1
18 -1 -1
19 -1 -1
20 -1 -1
21 65 25
22 -1 -1
23 -1 -1
24 -1 -1
25 -1 -1
26 -1 -1
27 -1 -1
28 -1 -1
29 -1 -1
30 97 1
31 94 23
32 -1 -1
33 -1 -1
34 -1 -1
35 94 120
36 -1 -1
37 -1 -1
38 -1 -1
39 -1 -1
40 126 0
41 126 22
42 -1 -1
43 -1 -1
44 -1 -1
45 126 121
46 -1 -1
47 -1 -1
48 -1 -1
49 -1 -1
50 158 1
51 158 22
52 -1 -1
53 -1 -1
54 -1 -1
55 158 121
56 -1 -1
57 -1 -1
58 -1 -1
59 -1 -1
60 -1 -1
61 -1 -1
62 -1 -1
63 -1 -1
64 -1 -1
65 -1 -1
66 -1 -1
67 -1 -1
68 -1 -1
69 -1 -1
70 -1 -1
71 -1 -1
72 -1 -1
73 -1 -1
74 -1 -1
75 -1 -1
76 -1 -1
77 -1 -1
78 -1 -1
79 -1 -1
80 -1 -1
81 -1 -1
82 -1 -1
83 -1 -1
84 -1 -1
85 -1 -1
86 -1 -1
87 -1 -1
88 -1 -1
89 -1 -1
90 -1 -1
91 -1 -1
92 -1 -1
93 -1 -1
94 -1 -1
95 -1 -1
96 -1 -1
97 -1 -1
98 -1 -1
99 -1 -1
0 0 0
1 0 25
2 -1 -1
3 -1 -1
4 -1 -1
5 -1 -1
6 -1 -1
7 -1 -1
8 0 190
9 -1 -1
10 30 1
11 30 25
12 -1 -1
13 -1 -1
14 -1 -1
15 -1 -1
16 -1 -1
17 -1 -1
18 33 193
19 -1 -1
20 65 0
21 64 25
22 -1 -1
23 -1 -1
24 -1 -1
25 -1 -1
26 -1 -1
27 -1 -1
28 -1 -1
29 -1 -1
30 94 1
31 94 24
32 -1 -1
33 -1 -1
34 -1 -1
35 94 121
36 -1 -1
37 -1 -1
38 -1 -1
39 -1 -1
40 127 0
41 126 22
42 -1 -1
43 -1 -1
44 -1 -1
45 126 121
46 -1 -1
47 -1 -1
48 -1 -1
49 -1 -1
50 -1 -1
51 161 23
52 -1 -1
53 -1 -1
54 -1 -1
55 158 121
56 -1 -1
57 -1 -1
58 -1 -1
59 -1 -1
60 -1 -1
61 -1 -1
62 -1 -1
63 -1 -1
64 -1 -1
65 -1 -1
66 -1 -1
67 -1 -1
68 -1 -1
69 -1 -1
70 -1 -1
71 -1 -1
72 -1 -1
73 -1 -1
74 -1 -1
75 -1 -1
76 -1 -1
77 -1 -1
78 -1 -1
79 -1 -1
80 -1 -1
81 -1 -1
82 -1 -1
83 -1 -1
84 -1 -1
85 -1 -1
86 -1 -1
87 -1 -1
88 -1 -1
89 -1 -1
90 -1 -1
91 -1 -1
92 -1 -1
93 -1 -1
94 -1 -1
95 -1 -1
96 -1 -1
97 -1 -1
98 -1 -1
99 -1 -1
0 0 1
1 0 25
2 0 49
3 -1 -1
4 -1 -1
5 -1 -1
6 -1 -1
7 -1 -1
8 -1 -1
9 -1 -1
10 33 1
11 33 25
12 -1 -1
13 -1 -1
14 -1 -1
15 -1 -1
16 -1 -1
17 -1 -1
18 -1 -1
19 -1 -1
20 62 1
21 64 25
22 -1 -1
23 -1 -1
24 -1 -1
25 -1 -1
26 -1 -1
27 -1 -1
28 -1 -1
29 -1 -1
30 97 1
31 97 22
32 -1 -1
33 -1 -1
34 -1 -1
35 94 121
36 -1 -1
37 -1 -1
38 -1 -1
39 -1 -1
40 126 1
41 126 22
42 -1 -1
43 -1 -1
44 -1 -1
45 -1 -1
46 -1 -1
47 -1 -1
48 -1 -1
49 -1 -1
50 -1 -1
51 158 25
52 -1 -1
53 -1 -1
54 -1 -1
55 -1 -1
56 -1 -1
57 -1 -1
58 -1 -1
59 -1 -1
60 -1 -1
61 -1 -1
62 -1 -1
63 -1 -1
64 -1 -1
65 -1 -1
66 -1 -1
67 -1 -1
68 -1 -1
69 -1 -1
70 -1 -1
71 -1 -1
72 -1 -1
73 -1 -1
74 -1 -1
75 -1 -1
76 -1 -1
77 -1 -1
78 -1 -1
79 -1 -1
80 -1 -1
81 -1 -1
82 -1 -1
83 -1 -1
84 -1 -1
85 -1 -1
86 -1 -1
87 -1 -1
88 -1 -1
89 -1 -1
90 -1 -1
91 -1 -1
92 -1 -1
93 -1 -1
94 -1 -1
95 -1 -1
96 -1 -1
97 -1 -1
98 -1 -1
99 -1 -1
0 0 1
1 1 25
2 -1 -1
3 -1 -1
4 -1 -1
5 -1 -1
6 -1 -1
7 -1 -1
8 -1 -1
9 -1 -1
10 30 1
11 33 22
12 -1 -1
13 -1 -1
14 -1 -1
15 -1 -1
16 -1 -1
17 -1 -1
18 -1 -1
19 -1 -1
20 62 0
21 62 22
22 65 49
23 -1 -1
24 -1 -1
25 -1 -1
26 -1 -1
27 -1 -1
28 -1 -1
29 -1 -1
30 97 1
31 94 22
32 -1 -1
33 -1 -1
34 -1 -1
35 -1 -1
36 -1 -1
37 -1 -1
38 -1 -1
39 -1 -1
40 126 1
41 126 23
42 -1 -1
43 -1 -1
44 -1 -1
45 -1 -1
46 -1 -1
47 -1 -1
48 -1 -1
49 -1 -1
50 -1 -1
51 -1 -1
52 -1 -1
53 -1 -1
54 -1 -1
55 -1 -1
56 -1 -1
57 -1 -1
58 -1 -1
59 -1 -1
60 -1 -1
61 -1 -1
62 -1 -1
63 -1 -1
64 -1 -1
65 -1 -1
66 -1 -1
67 -1 -1
68 -1 -1
69 -1 -1
70 -1 -1
71 -1 -1
72 -1 -1
73 -1 -1
74 -1 -1
75 -1 -1
76 -1 -1
77 -1 -1
78 -1 -1
79 -1 -1
80 -1 -1
81 -1 -1
82 -1 -1
83 -1 -1
84 -1 -1
85 -1 -1
86 -1 -1
87 -1 -1
88 -1 -1
89 -1 -1
90 -1 -1
91 -1 -1
92 -1 -1
93 -1 -1
94 -1 -1
95 -1 -1
96 -1 -1
97 -1 -1
98 -1 -1
99 -1 -1
0 0 0
1 0 25
2 -1 -1
3 -1 -1
4 -1 -1
5 -1 -1
6 -1 -1
7 -1 -1
8 -1 -1
9 -1 -1
10 30 1
11 32 25
12 -1 -1
13 -1 -1
14 -1 -1
15 -1 -1
16 -1 -1
17 -1 -1
18 -1 -1
19 -1 -1
20 62 0
21 62 22
22 65 46
23 -1 -1
24 -1 -1
25 -1 -1
26 -1 -1
27 -1 -1
28 -1 -1
29 -1 -1
30 94 1
31 94 22
32 -1 -1
33 -1 -1
34 -1 -1
35 -1 -1
36 -1 -1
37 -1 -1
38 -1 -1
39 -1 -1
40 -1 -1
41 126 25
42 -1 -1
43 -1 -1
44 -1 -1
45 -1 -1
46 -1 -1
47 -1 -1
48 -1 -1
49 -1 -1
50 -1 -1
51 -1 -1
52 -1 -1
53 -1 -1
54 -1 -1
55 -1 -1
56 -1 -1
57 -1 -1
58 -1 -1
59 -1 -1
60 -1 -1
61 -1 -1
62 -1 -1
63 -1 -1
64 -1 -1
65 -1 -1
66 -1 -1
67 -1 -1
68 -1 -1
69 -1 -1
70 -1 -1
71 -1 -1
72 -1 -1
73 -1 -1
74 -1 -1
75 -1 -1
76 -1 -1
77 -1 -1
78 -1 -1
79 -1 -1
80 -1 -1
81 -1 -1
82 -1 -1
83 -1 -1
84 -1 -1
85 -1 -1
86 -1 -1
87 -1 -1
88 -1 -1
89 -1 -1
90 -1 -1
91 -1 -1
92 -1 -1
93 -1 -1
94 -1 -1
95 -1 -1
96 -1 -1
97 -1 -1
98 -1 -1
99 -1 -1
0 0 0
1 0 25
2 -1 -1
3 -1 -1
4 -1 -1
5 -1 -1
6 -1 -1
7 -1 -1
8 -1 -1
9 -1 -1
10 30 0
11 30 22
12 -1 -1
13 -1 -1
14 -1 -1
15 -1 -1
16 -1 -1
17 -1 -1
18 -1 -1
19 -1 -1
20 65 1
21 65 22
22 -1 -1
23 -1 -1
24 -1 -1
25 -1 -1
26 -1 -1
27 -1 -1
28 -1 -1
29 -1 -1
30 94 1
31 94 22
32 -1 -1
33 -1 -1
34 -1 -1
35 -1 -1
36 -1 -1
37 -1 -1
38 -1 -1
39 -1 -1
40 -1 -1
41 -1 -1
42 -1 -1
43 -1 -1
44 -1 -1
45 -1 -1
46 -1 -1
47 -1 -1
48 -1 -1
49 -1 -1
50 -1 -1
51 -1 -1
52 -1 -1
53 -1 -1
54 -1 -1
55 -1 -1
56 -1 -1
57 -1 -1
58 -1 -1
59 -1 -1
60 -1 -1
61 -1 -1
62 -1 -1
63 -1 -1
64 -1 -1
65 -1 -1
66 -1 -1
67 -1 -1
68 -1 -1
69 -1 -1
70 -1 -1
71 -1 -1
72 -1 -1
73 -1 -1
74 -1 -1
75 -1 -1
76 -1 -1
77 -1 -1
78 -1 -1
79 -1 -1
80 -1 -1
81 -1 -1
82 -1 -1
83 -1 -1
84 -1 -1
85 -1 -1
86 -1 -1
87 -1 -1
88 -1 -1
89 -1 -1
90 -1 -1
91 -1 -1
92 -1 -1
93 -1 -1
94 -1 -1
95 -1 -1
96 -1 -1
97 -1 -1
98 -1 -1
99 -1 -1
0 1 0
1 0 22
2 -1 -1
3 -1 -1
4 -1 -1
5 -1 -1
6 -1 -1
7 -1 -1
8 -1 -1
9 -1 -1
10 30 0
11 30 22
12 -1 -1
13 -1 -1
14 -1 -1
15 -1 -1
16 -1 -1
17 -1 -1
18 -1 -1
19 -1 -1
20 65 1
21 62 25
22 63 46
23 64 70
24 -1 -1
25 -1 -1
26 -1 -1
27 -1 -1
28 -1 -1
29 -1 -1
30 -1 -1
31 -1 -1
32 -1 -1
33 -1 -1
34 -1 -1
35 -1 -1
36 -1 -1
37 -1 -1
38 -1 -1
39 -1 -1
40 -1 -1
41 -1 -1
42 129 49
43 -1 -1
44 -1 -1
45 -1 -1
46 -1 -1
47 -1 -1
48 -1 -1
49 -1 -1
50 161 1
51 -1 -1
52 -1 -1
53 -1 -1
54 -1 -1
55 -1 -1
56 160 145
57 -1 -1
58 -1 -1
59 -1 -1
60 -1 -1
61 -1 -1
62 -1 -1
63 -1 -1
64 -1 -1
65 -1 -1
66 -1 -1
67 -1 -1
68 -1 -1
69 -1 -1
70 -1 -1
71 -1 -1
72 -1 -1
73 -1 -1
74 -1 -1
75 -1 -1
76 -1 -1
77 -1 -1
78 -1 -1
79 -1 -1
80 -1 -1
81 -1 -1
82 -1 -1
83 -1 -1
84 -1 -1
85 -1 -1
86 -1 -1
87 -1 -1
88 -1 -1
89 -1 -1
90 -1 -1
91 -1 -1
92 -1 -1
93 -1 -1
94 -1 -1
95 -1 -1
96 -1 -1
97 -1 -1
98 -1 -1
99 -1 -1
0 0 0
1 1 22
2 -1 -1
3 -1 -1
4 -1 -1
5 -1 -1
6 -1 -1
7 -1 -1
8 -1 -1
9 -1 -1
10 30 1
11 33 25
12 30 46
13 33 73
14 -1 -1
15 -1 -1
16 -1 -1
17 -1 -1
18 -1 -1
19 -1 -1
20 62 1
21 62 25
22 65 46
23 62 70
24 -1 -1
25 -1 -1
26 -1 -1
27 -1 -1
28 -1 -1
29 -1 -1
30 -1 -1
31 94 24
32 -1 -1
33 -1 -1
34 -1 -1
35 -1 -1
36 -1 -1
37 -1 -1
38 -1 -1
39 -1 -1
40 -1 -1
41 -1 -1
42 -1 -1
43 -1 -1
44 -1 -1
45 -1 -1
46 127 145
47 -1 -1
48 -1 -1
49 -1 -1
50 -1 -1
51 -1 -1
52 -1 -1
53 -1 -1
54 -1 -1
55 -1 -1
56 161 145
57 -1 -1
58 -1 -1
59 -1 -1
60 -1 -1
61 -1 -1
62 -1 -1
63 -1 -1
64 -1 -1
65 -1 -1
66 -1 -1
67 -1 -1
68 -1 -1
69 -1 -1
70 -1 -1
71 -1 -1
72 -1 -1
73 -1 -1
74 -1 -1
75 -1 -1
76 -1 -1
77 -1 -1
78 -1 -1
79 -1 -1
80 -1 -1
81 -1 -1
82 -1 -1
83 -1 -1
84 -1 -1
85 -1 -1
86 -1 -1
87 -1 -1
88 -1 -1
89 -1 -1
90 -1 -1
91 -1 -1
92 -1 -1
93 -1 -1
94 -1 -1
95 -1 -1
96 -1 -1
97 -1 -1
98 -1 -1
99 -1 -1
0 0 0
1 1 25
2 0 46
3 -1 -1
4 -1 -1
5 -1 -1
6 -1 -1
7 -1 -1
8 -1 -1
9 -1 -1
10 30 0
11 33 25
12 30 46
13 33 73
14 -1 -1
15 -1 -1
16 -1 -1
17 -1 -1
18 -1 -1
19 -1 -1
20 62 1
21 62 25
22 62 46
23 62 70
24 -1 -1
25 -1 -1
26 -1 -1
27 -1 -1
28 -1 -1
29 -1 -1
30 -1 -1
31 94 25
32 -1 -1
33 -1 -1
34 -1 -1
35 -1 -1
36 -1 -1
37 -1 -1
38 -1 -1
39 -1 -1
40 126 0
41 -1 -1
42 -1 -1
43 -1 -1
44 -1 -1
45 -1 -1
46 128 145
47 -1 -1
48 -1 -1
49 -1 -1
50 -1 -1
51 -1 -1
52 -1 -1
53 -1 -1
54 -1 -1
55 -1 -1
56 161 145
57 -1 -1
58 -1 -1
59 -1 -1
60 -1 -1
61 -1 -1
62 -1 -1
63 -1 -1
64 -1 -1
65 -1 -1
66 -1 -1
67 -1 -1
68 -1 -1
69 -1 -1
70 -1 -1
71 -1 -1
72 -1 -1
73 -1 -1
74 -1 -1
75 -1 -1
76 -1 -1
77 -1 -1
78 -1 -1
79 -1 -1
80 -1 -1
81 -1 -1
82 -1 -1
83 -1 -1
84 -1 -1
85 -1 -1
86 -1 -1
87 -1 -1
88 -1 -1
89 -1 -1
90 -1 -1
91 -1 -1
92 -1 -1
93 -1 -1
94 -1 -1
95 -1 -1
96 -1 -1
97 -1 -1
98 -1 -1
99 -1 -1
0 0 1
1 1 22
2 0 48
3 -1 -1
4 -1 -1
5 -1 -1
6 -1 -1
7 -1 -1
8 -1 -1
9 -1 -1
10 30 1
11 30 25
12 -1 -1
13 -1 -1
14 -1 -1
15 -1 -1
16 -1 -1
17 -1 -1
18 33 190
19 -1 -1
20 62 1
21 62 25
22 65 46
23 -1 -1
24 -1 -1
25 -1 -1
26 -1 -1
27 -1 -1
28 -1 -1
29 -1 -1
30 -1 -1
31 94 25
32 -1 -1
33 -1 -1
34 -1 -1
35 94 121
36 -1 -1
37 -1 -1
38 -1 -1
39 -1 -1
40 126 1
41 129 25
42 -1 -1
43 -1 -1
44 -1 -1
45 -1 -1
46 129 145
47 -1 -1
48 -1 -1
49 -1 -1
50 -1 -1
51 -1 -1
52 -1 -1
53 -1 -1
54 -1 -1
55 -1 -1
56 161 145
57 -1 -1
58 -1 -1
59 -1 -1
60 -1 -1
61 -1 -1
62 -1 -1
63 -1 -1
64 -1 -1
65 -1 -1
66 -1 -1
67 -1 -1
68 -1 -1
69 -1 -1
70 -1 -1
71 -1 -1
72 -1 -1
73 -1 -1
74 -1 -1
75 -1 -1
76 -1 -1
77 -1 -1
78 -1 -1
79 -1 -1
80 -1 -1
81 -1 -1
82 -1 -1
83 -1 -1
84 -1 -1
85 -1 -1
86 -1 -1
87 -1 -1
88 -1 -1
89 -1 -1
90 -1 -1
91 -1 -1
92 -1 -1
93 -1 -1
94 -1 -1
95 -1 -1
96 -1 -1
97 -1 -1
98 -1 -1
99 -1 -1
0 1 0
1 1 22
2 0 46
3 -1 -1
4 0 97
5 -1 -1
6 -1 -1
7 -1 -1
8 -1 -1
9 -1 -1
10 33 0
11 33 22
12 30 46
13 30 73
14 -1 -1
15 -1 -1
16 -1 -1
17 -1 -1
18 33 193
19 33 217
20 62 0
21 62 25
22 -1 -1
23 -1 -1
24 -1 -1
25 -1 -1
26 -1 -1
27 -1 -1
28 -1 -1
29 -1 -1
30 94 0
31 94 24
32 -1 -1
33 -1 -1
34 -1 -1
35 94 121
36 -1 -1
37 -1 -1
38 -1 -1
39 -1 -1
40 -1 -1
41 127 25
42 129 46
43 -1 -1
44 -1 -1
45 -1 -1
46 129 145
47 -1 -1
48 -1 -1
49 -1 -1
50 -1 -1
51 -1 -1
52 -1 -1
53 -1 -1
54 -1 -1
55 -1 -1
56 158 145
57 -1 -1
58 -1 -1
59 -1 -1
60 -1 -1
61 -1 -1
62 -1 -1
63 -1 -1
64 -1 -1
65 -1 -1
66 -1 -1
67 -1 -1
68 -1 -1
69 -1 -1
70 -1 -1
71 -1 -1
72 -1 -1
73 -1 -1
74 -1 -1
75 -1 -1
76 -1 -1
77 -1 -1
78 -1 -1
79 -1 -1
80 -1 -1
81 -1 -1
82 -1 -1
83 -1 -1
84 -1 -1
85 -1 -1
86 -1 -1
87 -1 -1
88 -1 -1
89 -1 -1
90 -1 -1
91 -1 -1
92 -1 -1
93 -1 -1
94 -1 -1
95 -1 -1
96 -1 -1
97 -1 -1
98 -1 -1
99 -1 -1
0 0 1
1 1 22
2 0 48
3 -1 -1
4 -1 -1
5 -1 -1
6 -1 -1
7 -1 -1
8 -1 -1
9 -1 -1
10 33 0
11 33 25
12 -1 -1
13 -1 -1
14 -1 -1
15 -1 -1
16 -1 -1
17 -1 -1
18 33 190
19 31 214
20 65 1
21 65 25
22 -1 -1
23 -1 -1
24 -1 -1
25 -1 -1
26 -1 -1
27 -1 -1
28 -1 -1
29 62 217
30 94 1
31 97 25
32 -1 -1
33 -1 -1
34 -1 -1
35 94 121
36 -1 -1
37 -1 -1
38 -1 -1
39 -1 -1
40 -1 -1
41 126 25
42 -1 -1
43 -1 -1
44 -1 -1
45 -1 -1
46 129 145
47 -1 -1
48 -1 -1
49 -1 -1
50 -1 -1
51 -1 -1
52 -1 -1
53 -1 -1
54 -1 -1
55 -1 -1
56 158 145
57 -1 -1
58 -1 -1
59 -1 -1
60 190 0
61 -1 -1
62 -1 -1
63 -1 -1
64 -1 -1
65 -1 -1
66 -1 -1
67 -1 -1
68 -1 -1
69 -1 -1
70 -1 -1
71 -1 -1
72 -1 -1
73 -1 -1
74 -1 -1
75 -1 -1
76 -1 -1
77 -1 -1
78 -1 -1
79 -1 -1
80 -1 -1
81 -1 -1
82 -1 -1
83 -1 -1
84 -1 -1
85 -1 -1
86 -1 -1
87 -1 -1
88 -1 -1
89 -1 -1
90 -1 -1
91 -1 -1
92 -1 -1
93 -1 -1
94 -1 -1
95 -1 -1
96 -1 -1
97 -1 -1
98 -1 -1
99 -1 -1
0 1 0
1 0 22
2 0 49
3 -1 -1
4 -1 -1
5 -1 -1
6 -1 -1
7 -1 -1
8 1 193
9 0 214
10 33 0
11 30 22
12 30 49
13 -1 -1
14 -1 -1
15 -1 -1
16 -1 -1
17 -1 -1
18 30 193
19 30 217
20 62 1
21 65 24
22 -1 -1
23 -1 -1
24 -1 -1
25 -1 -1
26 -1 -1
27 -1 -1
28 -1 -1
29 62 215
30 -1 -1
31 94 25
32 -1 -1
33 -1 -1
34 -1 -1
35 94 121
36 -1 -1
37 -1 -1
38 -1 -1
39 -1 -1
40 -1 -1
41 -1 -1
42 -1 -1
43 -1 -1
44 -1 -1
45 -1 -1
46 -1 -1
47 -1 -1
48 -1 -1
49 -1 -1
50 -1 -1
51 -1 -1
52 -1 -1
53 -1 -1
54 -1 -1
55 158 121
56 159 145
57 -1 -1
58 -1 -1
59 -1 -1
60 -1 -1
61 -1 -1
62 -1 -1
63 -1 -1
64 -1 -1
65 -1 -1
66 -1 -1
67 -1 -1
68 -1 -1
69 -1 -1
70 -1 -1
71 -1 -1
72 -1 -1
73 -1 -1
74 -1 -1
75 -1 -1
76 -1 -1
77 -1 -1
78 -1 -1
79 -1 -1
80 -1 -1
81 -1 -1
82 -1 -1
83 -1 -1
84 -1 -1
85 -1 -1
86 -1 -1
87 -1 -1
88 -1 -1
89 -1 -1
90 -1 -1
91 -1 -1
92 -1 -1
93 -1 -1
94 -1 -1
95 -1 -1
96 -1 -1
97 -1 -1
98 -1 -1
99 -1 -1
0 0 0
1 1 22
2 0 49
3 -1 -1
4 0 94
5 -1 -1
6 -1 -1
7 -1 -1
8 0 193
9 0 217
10 30 1
11 33 22
12 -1 -1
13 -1 -1
14 -1 -1
15 -1 -1
16 -1 -1
17 -1 -1
18 33 192
19 30 214
20 62 1
21 62 22
22 -1 -1
23 -1 -1
24 -1 -1
25 -1 -1
26 -1 -1
27 -1 -1
28 -1 -1
29 62 214
30 -1 -1
31 -1 -1
32 -1 -1
33 -1 -1
34 94 97
35 94 121
36 -1 -1
37 -1 -1
38 -1 -1
39 -1 -1
40 -1 -1
41 -1 -1
42 129 46
43 -1 -1
44 -1 -1
45 -1 -1
46 -1 -1
47 -1 -1
48 -1 -1
49 -1 -1
50 -1 -1
51 -1 -1
52 -1 -1
53 -1 -1
54 -1 -1
55 158 121
56 -1 -1
57 -1 -1
58 -1 -1
59 -1 -1
60 -1 -1
61 -1 -1
62 -1 -1
63 -1 -1
64 -1 -1
65 -1 -1
66 -1 -1
67 -1 -1
68 -1 -1
69 -1 -1
70 -1 -1
71 -1 -1
72 -1 -1
73 -1 -1
74 -1 -1
75 -1 -1
76 -1 -1
77 -1 -1
78 -1 -1
79 -1 -1
80 -1 -1
81 -1 -1
82 -1 -1
83 -1 -1
84 -1 -1
85 -1 -1
86 -1 -1
87 -1 -1
88 -1 -1
89 -1 -1
90 -1 -1
91 -1 -1
92 -1 -1
93 -1 -1
94 -1 -1
95 -1 -1
96 -1 -1
97 -1 -1
98 -1 -1
99 -1 -1
0 0 0
1 0 22
2 -1 -1
3 -1 -1
4 -1 -1
5 -1 -1
6 -1 -1
7 -1 -1
8 -1 -1
9 0 214
10 30 1
11 30 25
12 -1 -1
13 -1 -1
14 -1 -1
15 -1 -1
16 33 145
17 -1 -1
18 -1 -1
19 33 217
20 -1 -1
21 -1 -1
22 -1 -1
23 -1 -1
24 -1 -1
25 -1 -1
26 -1 -1
27 -1 -1
28 -1 -1
29 62 214
30 97 1
31 -1 -1
32 -1 -1
33 -1 -1
34 94 97
35 94 121
36 -1 -1
37 -1 -1
38 -1 -1
39 95 214
40 -1 -1
41 -1 -1
42 126 46
43 -1 -1
44 -1 -1
45 -1 -1
46 -1 -1
47 -1 -1
48 -1 -1
49 -1 -1
50 -1 -1
51 161 25
52 -1 -1
53 -1 -1
54 -1 -1
55 158 121
56 -1 -1
57 -1 -1
58 -1 -1
59 -1 -1
60 -1 -1
61 -1 -1
62 -1 -1
63 -1 -1
64 -1 -1
65 -1 -1
66 -1 -1
67 -1 -1
68 -1 -1
69 -1 -1
70 -1 -1
71 -1 -1
72 -1 -1
73 -1 -1
74 -1 -1
75 -1 -1
76 -1 -1
77 -1 -1
78 -1 -1
79 -1 -1
80 -1 -1
81 -1 -1
82 -1 -1
83 -1 -1
84 -1 -1
85 -1 -1
86 -1 -1
87 -1 -1
88 -1 -1
89 -1 -1
90 -1 -1
91 -1 -1
92 -1 -1
93 -1 -1
94 -1 -1
95 -1 -1
96 -1 -1
97 -1 -1
98 -1 -1
99 -1 -1
0 0 0
1 1 22
2 -1 -1
3 -1 -1
4 -1 -1
5 -1 -1
6 -1 -1
7 -1 -1
8 -1 -1
9 1 214
10 30 1
11 33 25
12 -1 -1
13 -1 -1
14 -1 -1
15 -1 -1
16 30 142
17 -1 -1
18 33 191
19 30 214
20 62 1
21 -1 -1
22 -1 -1
23 -1 -1
24 -1 -1
25 -1 -1
26 -1 -1
27 -1 -1
28 -1 -1
29 65 214
30 94 1
31 -1 -1
32 -1 -1
33 -1 -1
34 94 97
35 94 118
36 -1 -1
37 -1 -1
38 -1 -1
39 -1 -1
40 -1 -1
41 126 23
42 127 49
43 -1 -1
44 -1 -1
45 126 121
46 -1 -1
47 -1 -1
48 -1 -1
49 -1 -1
50 -1 -1
51 158 24
52 -1 -1
53 -1 -1
54 -1 -1
55 158 121
56 -1 -1
57 -1 -1
58 -1 -1
59 -1 -1
60 -1 -1
61 -1 -1
62 -1 -1
63 -1 -1
64 -1 -1
65 -1 -1
66 -1 -1
67 -1 -1
68 -1 -1
69 -1 -1
70 -1 -1
71 -1 -1
72 -1 -1
73 -1 -1
74 -1 -1
75 -1 -1
76 -1 -1
77 -1 -1
78 -1 -1
79 -1 -1
80 -1 -1
81 -1 -1
82 -1 -1
83 -1 -1
84 -1 -1
85 -1 -1
86 -1 -1
87 -1 -1
88 -1 -1
89 -1 -1
90 -1 -1
91 -1 -1
92 -1 -1
93 -1 -1
94 -1 -1
95 -1 -1
96 -1 -1
97 -1 -1
98 -1 -1
99 -1 -1
0 0 1
1 1 25
2 -1 -1
3 -1 -1
4 -1 -1
5 -1 -1
6 0 145
7 -1 -1
8 0 193
9 1 214
10 30 1
11 30 25
12 -1 -1
13 33 73
14 -1 -1
15 -1 -1
16 30 143
17 -1 -1
18 33 193
19 30 217
20 64 0
21 62 25
22 -1 -1
23 -1 -1
24 -1 -1
25 -1 -1
26 -1 -1
27 -1 -1
28 -1 -1
29 -1 -1
30 -1 -1
31 -1 -1
32 94 46
33 -1 -1
34 -1 -1
35 94 118
36 -1 -1
37 -1 -1
38 -1 -1
39 -1 -1
40 -1 -1
41 129 22
42 -1 -1
43 -1 -1
44 -1 -1
45 126 121
46 -1 -1
47 -1 -1
48 -1 -1
49 -1 -1
50 -1 -1
51 -1 -1
52 -1 -1
53 -1 -1
54 -1 -1
55 -1 -1
56 -1 -1
57 -1 -1
58 -1 -1
59 -1 -1
60 -1 -1
61 191 22
62 -1 -1
63 -1 -1
64 -1 -1
65 -1 -1
66 -1 -1
67 -1 -1
68 -1 -1
69 -1 -1
70 -1 -1
71 -1 -1
72 -1 -1
73 -1 -1
74 -1 -1
75 -1 -1
76 -1 -1
77 -1 -1
78 -1 -1
79 -1 -1
80 -1 -1
81 -1 -1
82 -1 -1
83 -1 -1
84 -1 -1
85 -1 -1
86 -1 -1
87 -1 -1
88 -1 -1
89 -1 -1
90 -1 -1
91 -1 -1
92 -1 -1
93 -1 -1
94 -1 -1
95 -1 -1
96 -1 -1
97 -1 -1
98 -1 -1
99 -1 -1
0 0 1
1 0 22
2 -1 -1
3 -1 -1
4 -1 -1
5 -1 -1
6 1 142
7 -1 -1
8 -1 -1
9 0 217
10 33 0
11 33 25
12 -1 -1
13 -1 -1
14 -1 -1
15 -1 -1
16 -1 -1
17 -1 -1
18 -1 -1
19 33 217
20 62 0
21 62 25
22 -1 -1
23 -1 -1
24 -1 -1
25 -1 -1
26 -1 -1
27 -1 -1
28 -1 -1
29 -1 -1
30 -1 -1
31 -1 -1
32 94 49
33 -1 -1
34 -1 -1
35 94 118
36 -1 -1
37 -1 -1
38 -1 -1
39 -1 -1
40 -1 -1
41 126 22
42 -1 -1
43 -1 -1
44 -1 -1
45 126 121
46 -1 -1
47 -1 -1
48 -1 -1
49 -1 -1
50 -1 -1
51 -1 -1
52 -1 -1
53 -1 -1
54 -1 -1
55 -1 -1
56 -1 -1
57 -1 -1
58 -1 -1
59 -1 -1
60 -1 -1
61 -1 -1
62 -1 -1
63 -1 -1
64 -1 -1
65 -1 -1
66 -1 -1
67 -1 -1
68 -1 -1
69 -1 -1
70 -1 -1
71 -1 -1
72 -1 -1
73 -1 -1
74 -1 -1
75 -1 -1
76 -1 -1
77 -1 -1
78 -1 -1
79 -1 -1
80 -1 -1
81 -1 -1
82 -1 -1
83 -1 -1
84 -1 -1
85 -1 -1
86 -1 -1
87 -1 -1
88 -1 -1
89 -1 -1
90 -1 -1
91 -1 -1
92 -1 -1
93 -1 -1
94 -1 -1
95 -1 -1
96 -1 -1
97 -1 -1
98 -1 -1
99 -1 -1
0 0 0
1 0 25
2 0 48
3 -1 -1
4 -1 -1
5 -1 -1
6 -1 -1
7 -1 -1
8 0 193
9 0 214
10 -1 -1
11 -1 -1
12 32 49
13 -1 -1
14 -1 -1
15 -1 -1
16 -1 -1
17 -1 -1
18 -1 -1
19 -1 -1
20 62 0
21 -1 -1
22 62 46
23 -1 -1
24 -1 -1
25 -1 -1
26 -1 -1
27 -1 -1
28 -1 -1
29 -1 -1
30 -1 -1
31 -1 -1
32 -1 -1
33 -1 -1
34 -1 -1
35 94 118
36 -1 -1
37 -1 -1
38 -1 -1
39 -1 -1
40 -1 -1
41 -1 -1
42 -1 -1
43 -1 -1
44 -1 -1
45 126 121
46 -1 -1
47 -1 -1
48 -1 -1
49 -1 -1
50 -1 -1
51 -1 -1
52 -1 -1
53 -1 -1
54 -1 -1
55 158 121
56 -1 -1
57 -1 -1
58 -1 -1
59 -1 -1
60 -1 -1
61 -1 -1
62 -1 -1
63 -1 -1
64 -1 -1
65 -1 -1
66 -1 -1
67 -1 -1
68 -1 -1
69 -1 -1
70 -1 -1
71 -1 -1
72 -1 -1
73 -1 -1
74 -1 -1
75 -1 -1
76 -1 -1
77 -1 -1
78 -1 -1
79 -1 -1
80 -1 -1
81 -1 -1
82 -1 -1
83 -1 -1
84 -1 -1
85 -1 -1
86 -1 -1
87 -1 -1
88 -1 -1
89 -1 -1
90 -1 -1
91 -1 -1
92 -1 -1
93 -1 -1
94 -1 -1
95 -1 -1
96 -1 -1
97 -1 -1
98 -1 -1
99 -1 -1
0 -1 -1
1 0 25
2 0 46
3 -1 -1
4 -1 -1
5 -1 -1
6 -1 -1
7 -1 -1
8 -1 -1
9 0 217
10 31 0
11 -1 -1
12 33 46
13 30 70
14 30 94
15 -1 -1
16 -1 -1
17 -1 -1
18 -1 -1
19 -1 -1
20 -1 -1
21 65 23
22 62 46
23 -1 -1
24 -1 -1
25 -1 -1
26 -1 -1
27 -1 -1
28 -1 -1
29 -1 -1
30 -1 -1
31 -1 -1
32 97 49
33 -1 -1
34 -1 -1
35 94 118
36 -1 -1
37 -1 -1
38 -1 -1
39 -1 -1
40 -1 -1
41 -1 -1
42 -1 -1
43 -1 -1
44 -1 -1
45 126 121
46 -1 -1
47 -1 -1
48 -1 -1
49 -1 -1
50 -1 -1
51 -1 -1
52 -1 -1
53 -1 -1
54 -1 -1
55 158 121
56 -1 -1
57 -1 -1
58 -1 -1
59 -1 -1
60 -1 -1
61 -1 -1
62 -1 -1
63 -1 -1
64 -1 -1
65 -1 -1
66 -1 -1
67 -1 -1
68 -1 -1
69 -1 -1
70 -1 -1
71 -1 -1
72 -1 -1
73 -1 -1
74 -1 -1
75 -1 -1
76 -1 -1
77 -1 -1
78 -1 -1
79 -1 -1
80 -1 -1
81 -1 -1
82 -1 -1
83 -1 -1
84 -1 -1
85 -1 -1
86 -1 -1
87 -1 -1
88 -1 -1
89 -1 -1
90 -1 -1
91 -1 -1
92 -1 -1
93 -1 -1
94 -1 -1
95 -1 -1
96 -1 -1
97 -1 -1
98 -1 -1
99 -1 -1
0 -1 -1
1 0 25
2 -1 -1
3 0 73
4 1 95
5 -1 -1
6 -1 -1
7 -1 -1
8 -1 -1
9 -1 -1
10 30 0
11 30 25
12 33 46
13 -1 -1
14 -1 -1
15 -1 -1
16 -1 -1
17 -1 -1
18 -1 -1
19 -1 -1
20 -1 -1
21 65 25
22 -1 -1
23 -1 -1
24 -1 -1
25 -1 -1
26 -1 -1
27 -1 -1
28 -1 -1
29 -1 -1
30 -1 -1
31 94 25
32 -1 -1
33 -1 -1
34 -1 -1
35 94 118
36 -1 -1
37 -1 -1
38 -1 -1
39 -1 -1
40 -1 -1
41 -1 -1
42 -1 -1
43 -1 -1
44 -1 -1
45 126 121
46 -1 -1
47 -1 -1
48 -1 -1
49 -1 -1
50 -1 -1
51 -1 -1
52 -1 -1
53 -1 -1
54 -1 -1
55 158 121
56 -1 -1
57 -1 -1
58 -1 -1
59 -1 -1
60 -1 -1
61 -1 -1
62 -1 -1
63 -1 -1
64 -1 -1
65 -1 -1
66 -1 -1
67 -1 -1
68 -1 -1
69 -1 -1
70 -1 -1
71 -1 -1
72 -1 -1
73 -1 -1
74 -1 -1
75 -1 -1
76 -1 -1
77 -1 -1
78 -1 -1
79 -1 -1
80 -1 -1
81 -1 -1
82 -1 -1
83 -1 -1
84 -1 -1
85 -1 -1
86 -1 -1
87 -1 -1
88 -1 -1
89 -1 -1
90 -1 -1
91 -1 -1
92 -1 -1
93 -1 -1
94 -1 -1
95 -1 -1
96 -1 -1
97 -1 -1
98 -1 -1
99 -1 -1
0 -1 -1
1 -1 -1
2 1 49
3 1 72
4 1 97
5 -1 -1
6 -1 -1
7 -1 -1
8 -1 -1
9 -1 -1
10 -1 -1
11 33 25
12 -1 -1
13 -1 -1
14 -1 -1
15 -1 -1
16 -1 -1
17 -1 -1
18 -1 -1
19 -1 -1
20 -1 -1
21 -1 -1
22 -1 -1
23 -1 -1
24 -1 -1
25 -1 -1
26 -1 -1
27 -1 -1
28 -1 -1
29 -1 -1
30 -1 -1
31 97 22
32 -1 -1
33 -1 -1
34 -1 -1
35 94 120
36 -1 -1
37 -1 -1
38 -1 -1
39 -1 -1
40 -1 -1
41 -1 -1
42 -1 -1
43 -1 -1
44 -1 -1
45 126 121
46 -1 -1
47 -1 -1
48 -1 -1
49 -1 -1
50 160 0
51 -1 -1
52 -1 -1
53 -1 -1
54 -1 -1
55 158 121
56 -1 -1
57 -1 -1
58 -1 -1
59 -1 -1
60 193 0
61 190 22
62 -1 -1
63 -1 -1
64 -1 -1
65 -1 -1
66 -1 -1
67 -1 -1
68 -1 -1
69 -1 -1
70 -1 -1
71 -1 -1
72 -1 -1
73 -1 -1
74 -1 -1
75 -1 -1
76 -1 -1
77 -1 -1
78 -1 -1
79 -1 -1
80 -1 -1
81 -1 -1
82 -1 -1
83 -1 -1
84 -1 -1
85 -1 -1
86 -1 -1
87 -1 -1
88 -1 -1
89 -1 -1
90 -1 -1
91 -1 -1
92 -1 -1
93 -1 -1
94 -1 -1
95 -1 -1
96 -1 -1
97 -1 -1
98 -1 -1
99 -1 -1
0 -1 -1
1 -1 -1
2 -1 -1
3 -1 -1
4 -1 -1
5 -1 -1
6 -1 -1
7 -1 -1
8 -1 -1
9 -1 -1
10 30 0
11 -1 -1
12 -1 -1
13 -1 -1
14 -1 -1
15 30 121
16 31 143
17 -1 -1
18 -1 -1
19 -1 -1
20 -1 -1
21 64 25
22 -1 -1
23 -1 -1
24 -1 -1
25 -1 -1
26 -1 -1
27 -1 -1
28 -1 -1
29 -1 -1
30 -1 -1
31 94 25
32 -1 -1
33 -1 -1
34 -1 -1
35 94 121
36 -1 -1
37 -1 -1
38 -1 -1
39 97 217
40 129 0
41 126 25
42 -1 -1
43 -1 -1
44 -1 -1
45 126 121
46 -1 -1
47 -1 -1
48 -1 -1
49 -1 -1
50 161 0
51 -1 -1
52 -1 -1
53 -1 -1
54 -1 -1
55 158 121
56 -1 -1
57 -1 -1
58 -1 -1
59 -1 -1
60 -1 -1
61 -1 -1
62 -1 -1
63 -1 -1
64 -1 -1
65 -1 -1
66 -1 -1
67 -1 -1
68 -1 -1
69 -1 -1
70 -1 -1
71 -1 -1
72 -1 -1
73 -1 -1
74 -1 -1
75 -1 -1
76 -1 -1
77 -1 -1
78 -1 -1
79 -1 -1
80 -1 -1
81 -1 -1
82 -1 -1
83 -1 -1
84 -1 -1
85 -1 -1
86 -1 -1
87 -1 -1
88 -1 -1
89 -1 -1
90 -1 -1
91 -1 -1
92 -1 -1
93 -1 -1
94 -1 -1
95 -1 -1
96 -1 -1
97 -1 -1
98 -1 -1
99 -1 -1
0 0 0
1 1 23
2 -1 -1
3 0 73
4 -1 -1
5 -1 -1
6 -1 -1
7 -1 -1
8 -1 -1
9 -1 -1
10 30 1
11 30 25
12 -1 -1
13 -1 -1
14 -1 -1
15 -1 -1
16 -1 -1
17 -1 -1
18 -1 -1
19 -1 -1
20 -1 -1
21 65 22
22 -1 -1
23 -1 -1
24 -1 -1
25 -1 -1
26 -1 -1
27 -1 -1
28 -1 -1
29 -1 -1
30 94 1
31 96 22
32 -1 -1
33 -1 -1
34 -1 -1
35 94 121
36 -1 -1
37 -1 -1
38 -1 -1
39 -1 -1
40 127 0
41 126 25
42 -1 -1
43 -1 -1
44 -1 -1
45 -1 -1
46 -1 -1
47 -1 -1
48 -1 -1
49 -1 -1
50 161 1
51 -1 -1
52 -1 -1
53 -1 -1
54 -1 -1
55 -1 -1
56 -1 -1
57 -1 -1
58 -1 -1
59 -1 -1
60 -1 -1
61 190 22
62 -1 -1
63 -1 -1
64 -1 -1
65 -1 -1
66 -1 -1
67 -1 -1
68 -1 -1
69 -1 -1
70 -1 -1
71 -1 -1
72 -1 -1
73 -1 -1
74 -1 -1
75 -1 -1
76 -1 -1
77 -1 -1
78 -1 -1
79 -1 -1
80 -1 -1
81 -1 -1
82 -1 -1
83 -1 -1
84 -1 -1
85 -1 -1
86 -1 -1
87 -1 -1
88 -1 -1
89 -1 -1
90 -1 -1
91 -1 -1
92 -1 -1
93 -1 -1
94 -1 -1
95 -1 -1
96 -1 -1
97 -1 -1
98 -1 -1
99 -1 -1
0 0 1
1 1 22
2 -1 -1
3 -1 -1
4 -1 -1
5 -1 -1
6 1 145
7 -1 -1
8 -1 -1
9 0 214
10 33 0
11 33 25
12 -1 -1
13 -1 -1
14 -1 -1
15 -1 -1
16 -1 -1
17 -1 -1
18 -1 -1
19 -1 -1
20 65 1
21 65 22
22 -1 -1
23 -1 -1
24 -1 -1
25 -1 -1
26 -1 -1
27 -1 -1
28 -1 -1
29 -1 -1
30 94 0
31 97 22
32 -1 -1
33 -1 -1
34 -1 -1
35 -1 -1
36 -1 -1
37 -1 -1
38 -1 -1
39 -1 -1
40 127 0
41 -1 -1
42 -1 -1
43 -1 -1
44 -1 -1
45 -1 -1
46 -1 -1
47 -1 -1
48 -1 -1
49 -1 -1
50 158 0
51 -1 -1
52 -1 -1
53 -1 -1
54 -1 -1
55 -1 -1
56 -1 -1
57 -1 -1
58 -1 -1
59 -1 -1
60 -1 -1
61 -1 -1
62 -1 -1
63 -1 -1
64 -1 -1
65 -1 -1
66 -1 -1
67 -1 -1
68 -1 -1
69 -1 -1
70 -1 -1
71 -1 -1
72 -1 -1
73 -1 -1
74 -1 -1
75 -1 -1
76 -1 -1
77 -1 -1
78 -1 -1
79 -1 -1
80 -1 -1
81 -1 -1
82 -1 -1
83 -1 -1
84 -1 -1
85 -1 -1
86 -1 -1
87 -1 -1
88 -1 -1
89 -1 -1
90 -1 -1
91 -1 -1
92 -1 -1
93 -1 -1
94 -1 -1
95 -1 -1
96 -1 -1
97 -1 -1
98 -1 -1
99 -1 -1
0 0 1
1 0 25
2 -1 -1
3 -1 -1
4 -1 -1
5 -1 -1
6 1 145
7 -1 -1
8 -1 -1
9 0 217
10 33 1
11 30 22
12 -1 -1
13 -1 -1
14 -1 -1
15 -1 -1
16 -1 -1
17 -1 -1
18 30 191
19 30 214
20 65 0
21 62 22
22 -1 -1
23 -1 -1
24 -1 -1
25 -1 -1
26 -1 -1
27 -1 -1
28 -1 -1
29 -1 -1
30 97 0
31 94 22
32 -1 -1
33 -1 -1
34 -1 -1
35 -1 -1
36 -1 -1
37 -1 -1
38 -1 -1
39 -1 -1
40 129 0
41 -1 -1
42 -1 -1
43 -1 -1
44 -1 -1
45 -1 -1
46 -1 -1
47 -1 -1
48 -1 -1
49 -1 -1
50 158 1
51 159 22
52 -1 -1
53 -1 -1
54 -1 -1
55 -1 -1
56 -1 -1
57 -1 -1
58 -1 -1
59 -1 -1
60 -1 -1
61 -1 -1
62 -1 -1
63 -1 -1
64 -1 -1
65 -1 -1
66 -1 -1
67 -1 -1
68 -1 -1
69 -1 -1
70 -1 -1
71 -1 -1
72 -1 -1
73 -1 -1
74 -1 -1
75 -1 -1
76 -1 -1
77 -1 -1
78 -1 -1
79 -1 -1
80 -1 -1
81 -1 -1
82 -1 -1
83 -1 -1
84 -1 -1
85 -1 -1
86 -1 -1
87 -1 -1
88 -1 -1
89 -1 -1
90 -1 -1
91 -1 -1
92 -1 -1
93 -1 -1
94 -1 -1
95 -1 -1
96 -1 -1
97 -1 -1
98 -1 -1
99 -1 -1
0 0 1
1 0 22
2 -1 -1
3 -1 -1
4 1 94
5 -1 -1
6 -1 -1
7 -1 -1
8 -1 -1
9 0 217
10 30 0
11 30 22
12 -1 -1
13 -1 -1
14 -1 -1
15 -1 -1
16 -1 -1
17 -1 -1
18 -1 -1
19 -1 -1
20 62 0
21 62 22
22 -1 -1
23 -1 -1
24 -1 -1
25 -1 -1
26 -1 -1
27 -1 -1
28 -1 -1
29 -1 -1
30 94 1
31 -1 -1
32 -1 -1
33 -1 -1
34 -1 -1
35 -1 -1
36 -1 -1
37 -1 -1
38 -1 -1
39 -1 -1
40 126 0
41 128 25
42 -1 -1
43 -1 -1
44 -1 -1
45 -1 -1
46 129 143
47 -1 -1
48 -1 -1
49 -1 -1
50 -1 -1
51 158 24
52 -1 -1
53 -1 -1
54 -1 -1
55 -1 -1
56 160 142
57 -1 -1
58 -1 -1
59 -1 -1
60 -1 -1
61 -1 -1
62 -1 -1
63 -1 -1
64 -1 -1
65 -1 -1
66 -1 -1
67 -1 -1
68 -1 -1
69 -1 -1
70 -1 -1
71 -1 -1
72 -1 -1
73 -1 -1
74 -1 -1
75 -1 -1
76 -1 -1
77 -1 -1
78 -1 -1
79 -1 -1
80 -1 -1
81 -1 -1
82 -1 -1
83 -1 -1
84 -1 -1
85 -1 -1
86 -1 -1
87 -1 -1
88 -1 -1
89 -1 -1
90 -1 -1
91 -1 -1
92 -1 -1
93 -1 -1
94 -1 -1
95 -1 -1
96 -1 -1
97 -1 -1
98 -1 -1
99 -1 -1
0 0 0
1 0 22
2 0 46
3 -1 -1
4 -1 -1
5 -1 -1
6 -1 -1
7 -1 -1
8 -1 -1
9 -1 -1
10 30 0
11 30 22
12 -1 -1
13 -1 -1
14 -1 -1
15 -1 -1
16 -1 -1
17 -1 -1
18 -1 -1
19 -1 -1
20 65 0
21 62 25
22 -1 -1
23 -1 -1
24 -1 -1
25 -1 -1
26 -1 -1
27 -1 -1
28 -1 -1
29 -1 -1
30 97 0
31 94 25
32 -1 -1
33 -1 -1
34 -1 -1
35 -1 -1
36 -1 -1
37 -1 -1
38 -1 -1
39 -1 -1
40 -1 -1
41 -1 -1
42 -1 -1
43 -1 -1
44 -1 -1
45 -1 -1
46 129 145
47 -1 -1
48 -1 -1
49 -1 -1
50 -1 -1
51 -1 -1
52 -1 -1
53 -1 -1
54 -1 -1
55 -1 -1
56 161 145
57 -1 -1
58 -1 -1
59 -1 -1
60 -1 -1
61 -1 -1
62 -1 -1
63 -1 -1
64 -1 -1
65 -1 -1
66 -1 -1
67 -1 -1
68 -1 -1
69 -1 -1
70 -1 -1
71 -1 -1
72 -1 -1
73 -1 -1
74 -1 -1
75 -1 -1
76 -1 -1
77 -1 -1
78 -1 -1
79 -1 -1
80 -1 -1
81 -1 -1
82 -1 -1
83 -1 -1
84 -1 -1
85 -1 -1
86 -1 -1
87 -1 -1
88 -1 -1
89 -1 -1
90 -1 -1
91 -1 -1
92 -1 -1
93 -1 -1
94 -1 -1
95 -1 -1
96 -1 -1
97 -1 -1
98 -1 -1
99 -1 -1
0 1 0
1 0 22
2 -1 -1
3 -1 -1
4 -1 -1
5 -1 -1
6 -1 -1
7 -1 -1
8 -1 -1
9 -1 -1
10 30 0
11 33 23
12 -1 -1
13 -1 -1
14 -1 -1
15 -1 -1
16 -1 -1
17 -1 -1
18 -1 -1
19 -1 -1
20 64 1
21 62 22
22 -1 -1
23 -1 -1
24 -1 -1
25 -1 -1
26 -1 -1
27 -1 -1
28 -1 -1
29 -1 -1
30 94 0
31 94 25
32 -1 -1
33 -1 -1
34 -1 -1
35 -1 -1
36 -1 -1
37 -1 -1
38 -1 -1
39 -1 -1
40 -1 -1
41 126 22
42 -1 -1
43 -1 -1
44 -1 -1
45 -1 -1
46 129 145
47 -1 -1
48 -1 -1
49 -1 -1
50 -1 -1
51 -1 -1
52 -1 -1
53 -1 -1
54 -1 -1
55 -1 -1
56 161 145
57 -1 -1
58 -1 -1
59 -1 -1
60 193 0
61 -1 -1
62 -1 -1
63 -1 -1
64 -1 -1
65 -1 -1
66 -1 -1
67 -1 -1
68 -1 -1
69 -1 -1
70 -1 -1
71 -1 -1
72 -1 -1
73 -1 -1
74 -1 -1
75 -1 -1
76 -1 -1
77 -1 -1
78 -1 -1
79 -1 -1
80 -1 -1
81 -1 -1
82 -1 -1
83 -1 -1
84 -1 -1
85 -1 -1
86 -1 -1
87 -1 -1
88 -1 -1
89 -1 -1
90 -1 -1
91 -1 -1
92 -1 -1
93 -1 -1
94 -1 -1
95 -1 -1
96 -1 -1
97 -1 -1
98 -1 -1
99 -1 -1
0 0 0
1 1 25
2 -1 -1
3 -1 -1
4 -1 -1
5 -1 -1
6 -1 -1
7 -1 -1
8 -1 -1
9 -1 -1
10 30 0
11 30 23
12 -1 -1
13 -1 -1
14 -1 -1
15 -1 -1
16 -1 -1
17 -1 -1
18 -1 -1
19 -1 -1
20 65 0
21 65 22
22 -1 -1
23 -1 -1
24 -1 -1
25 -1 -1
26 -1 -1
27 -1 -1
28 -1 -1
29 62 217
30 94 0
31 97 22
32 -1 -1
33 -1 -1
34 -1 -1
35 94 121
36 -1 -1
37 -1 -1
38 -1 -1
39 -1 -1
40 -1 -1
41 -1 -1
42 -1 -1
43 -1 -1
44 -1 -1
45 -1 -1
46 129 145
47 -1 -1
48 -1 -1
49 -1 -1
50 -1 -1
51 -1 -1
52 -1 -1
53 -1 -1
54 -1 -1
55 -1 -1
56 161 145
57 -1 -1
58 -1 -1
59 -1 -1
60 190 0
61 193 25
62 -1 -1
63 -1 -1
64 -1 -1
65 -1 -1
66 -1 -1
67 -1 -1
68 -1 -1
69 -1 -1
70 -1 -1
71 -1 -1
72 -1 -1
73 -1 -1
74 -1 -1
75 -1 -1
76 -1 -1
77 -1 -1
78 -1 -1
79 -1 -1
80 -1 -1
81 -1 -1
82 -1 -1
83 -1 -1
84 -1 -1
85 -1 -1
86 -1 -1
87 -1 -1
88 -1 -1
89 -1 -1
90 -1 -1
91 -1 -1
92 -1 -1
93 -1 -1
94 -1 -1
95 -1 -1
96 -1 -1
97 -1 -1
98 -1 -1
99 -1 -1
0 1 0
1 0 25
2 0 46
3 -1 -1
4 -1 -1
5 -1 -1
6 -1 -1
7 0 166
8 -1 -1
9 -1 -1
10 30 0
11 30 22
12 -1 -1
13 -1 -1
14 -1 -1
15 -1 -1
16 -1 -1
17 -1 -1
18 -1 -1
19 33 217
20 64 1
21 -1 -1
22 -1 -1
23 -1 -1
24 -1 -1
25 -1 -1
26 -1 -1
27 -1 -1
28 -1 -1
29 62 216
30 94 0
31 94 25
32 -1 -1
33 -1 -1
34 -1 -1
35 94 121
36 -1 -1
37 -1 -1
38 -1 -1
39 94 217
40 -1 -1
41 -1 -1
42 -1 -1
43 -1 -1
44 -1 -1
45 -1 -1
46 129 145
47 -1 -1
48 -1 -1
49 -1 -1
50 -1 -1
51 160 25
52 -1 -1
53 -1 -1
54 -1 -1
55 -1 -1
56 158 145
57 -1 -1
58 -1 -1
59 -1 -1
60 190 1
61 -1 -1
62 -1 -1
63 -1 -1
64 -1 -1
65 -1 -1
66 -1 -1
67 -1 -1
68 -1 -1
69 -1 -1
70 -1 -1
71 -1 -1
72 -1 -1
73 -1 -1
74 -1 -1
75 -1 -1
76 -1 -1
77 -1 -1
78 -1 -1
79 -1 -1
80 -1 -1
81 -1 -1
82 -1 -1
83 -1 -1
84 -1 -1
85 -1 -1
86 -1 -1
87 -1 -1
88 -1 -1
89 -1 -1
90 -1 -1
91 -1 -1
92 -1 -1
93 -1 -1
94 -1 -1
95 -1 -1
96 -1 -1
97 -1 -1
98 -1 -1
99 -1 -1
0 0 0
1 0 22
2 1 49
3 -1 -1
4 -1 -1
5 -1 -1
6 -1 -1
7 -1 -1
8 -1 -1
9 -1 -1
10 33 0
11 -1 -1
12 -1 -1
13 -1 -1
14 -1 -1
15 -1 -1
16 -1 -1
17 -1 -1
18 -1 -1
19 30 217
20 62 0
21 62 22
22 -1 -1
23 -1 -1
24 -1 -1
25 -1 -1
26 -1 -1
27 -1 -1
28 -1 -1
29 62 217
30 -1 -1
31 94 25
32 -1 -1
33 -1 -1
34 -1 -1
35 94 121
36 -1 -1
37 -1 -1
38 -1 -1
39 -1 -1
40 126 0
41 -1 -1
42 127 49
43 -1 -1
44 -1 -1
45 -1 -1
46 129 145
47 -1 -1
48 -1 -1
49 -1 -1
50 158 1
51 159 22
52 -1 -1
53 -1 -1
54 -1 -1
55 -1 -1
56 -1 -1
57 -1 -1
58 -1 -1
59 -1 -1
60 -1 -1
61 -1 -1
62 -1 -1
63 -1 -1
64 -1 -1
65 -1 -1
66 -1 -1
67 -1 -1
68 -1 -1
69 -1 -1
70 -1 -1
71 -1 -1
72 -1 -1
73 -1 -1
74 -1 -1
75 -1 -1
76 -1 -1
77 -1 -1
78 -1 -1
79 -1 -1
80 -1 -1
81 -1 -1
82 -1 -1
83 -1 -1
84 -1 -1
85 -1 -1
86 -1 -1
87 -1 -1
88 -1 -1
89 -1 -1
90 -1 -1
91 -1 -1
92 -1 -1
93 -1 -1
94 -1 -1
95 -1 -1
96 -1 -1
97 -1 -1
98 -1 -1
99 -1 -1
0 0 0
1 0 25
2 0 46
3 -1 -1
4 -1 -1
5 -1 -1
6 -1 -1
7 -1 -1
8 -1 -1
9 0 217
10 30 1
11 -1 -1
12 -1 -1
13 -1 -1
14 -1 -1
15 -1 -1
16 -1 -1
17 -1 -1
18 -1 -1
19 33 217
20 62 0
21 62 22
22 65 46
23 -1 -1
24 65 97
25 -1 -1
26 -1 -1
27 -1 -1
28 -1 -1
29 -1 -1
30 94 0
31 -1 -1
32 97 47
33 -1 -1
34 -1 -1
35 94 121
36 -1 -1
37 -1 -1
38 -1 -1
39 -1 -1
40 126 0
41 -1 -1
42 -1 -1
43 -1 -1
44 -1 -1
45 -1 -1
46 -1 -1
47 -1 -1
48 -1 -1
49 -1 -1
50 158 1
51 -1 -1
52 -1 -1
53 -1 -1
54 -1 -1
55 158 121
56 158 145
57 -1 -1
58 -1 -1
59 -1 -1
60 -1 -1
61 -1 -1
62 -1 -1
63 -1 -1
64 -1 -1
65 -1 -1
66 -1 -1
67 -1 -1
68 -1 -1
69 -1 -1
70 -1 -1
71 -1 -1
72 -1 -1
73 -1 -1
74 -1 -1
75 -1 -1
76 -1 -1
77 -1 -1
78 -1 -1
79 -1 -1
80 -1 -1
81 -1 -1
82 -1 -1
83 -1 -1
84 -1 -1
85 -1 -1
86 -1 -1
87 -1 -1
88 -1 -1
89 -1 -1
90 -1 -1
91 -1 -1
92 -1 -1
93 -1 -1
94 -1 -1
95 -1 -1
96 -1 -1
97 -1 -1
98 -1 -1
99 -1 -1
0 0 0
1 0 25
2 1 46
3 -1 -1
4 -1 -1
5 -1 -1
6 -1 -1
7 -1 -1
8 -1 -1
9 0 217
10 30 0
11 33 24
12 -1 -1
13 -1 -1
14 -1 -1
15 -1 -1
16 -1 -1
17 -1 -1
18 -1 -1
19 -1 -1
20 -1 -1
21 -1 -1
22 -1 -1
23 -1 -1
24 -1 -1
25 -1 -1
26 -1 -1
27 -1 -1
28 -1 -1
29 -1 -1
30 94 0
31 94 25
32 -1 -1
33 -1 -1
34 94 97
35 94 121
36 -1 -1
37 -1 -1
38 -1 -1
39 -1 -1
40 126 1
41 129 22
42 -1 -1
43 -1 -1
44 -1 -1
45 -1 -1
46 -1 -1
47 -1 -1
48 -1 -1
49 -1 -1
50 161 0
51 -1 -1
52 -1 -1
53 -1 -1
54 -1 -1
55 158 121
56 -1 -1
57 -1 -1
58 -1 -1
59 -1 -1
60 -1 -1
61 -1 -1
62 -1 -1
63 -1 -1
64 -1 -1
65 -1 -1
66 -1 -1
67 -1 -1
68 -1 -1
69 -1 -1
70 -1 -1
71 -1 -1
72 -1 -1
73 -1 -1
74 -1 -1
75 -1 -1
76 -1 -1
77 -1 -1
78 -1 -1
79 -1 -1
80 -1 -1
81 -1 -1
82 -1 -1
83 -1 -1
84 -1 -1
85 -1 -1
86 -1 -1
87 -1 -1
88 -1 -1
89 -1 -1
90 -1 -1
91 -1 -1
92 -1 -1
93 -1 -1
94 -1 -1
95 -1 -1
96 -1 -1
97 -1 -1
98 -1 -1
99 -1 -1
0 0 0
1 1 25
2 -1 -1
3 -1 -1
4 -1 -1
5 -1 -1
6 -1 -1
7 -1 -1
8 -1 -1
9 -1 -1
10 -1 -1
11 -1 -1
12 -1 -1
13 -1 -1
14 -1 -1
15 -1 -1
16 -1 -1
17 -1 -1
18 -1 -1
19 -1 -1
20 62 0
21 -1 -1
22 -1 -1
23 65 73
24 -1 -1
25 -1 -1
26 -1 -1
27 -1 -1
28 -1 -1
29 -1 -1
30 97 1
31 95 25
32 -1 -1
33 -1 -1
34 94 97
35 94 121
36 -1 -1
37 -1 -1
38 -1 -1
39 97 215
40 126 1
41 129 22
42 -1 -1
43 -1 -1
44 -1 -1
45 -1 -1
46 -1 -1
47 -1 -1
48 -1 -1
49 -1 -1
50 -1 -1
51 -1 -1
52 -1 -1
53 -1 -1
54 -1 -1
55 158 121
56 -1 -1
57 -1 -1
58 -1 -1
59 -1 -1
60 -1 -1
61 -1 -1
62 -1 -1
63 -1 -1
64 -1 -1
65 -1 -1
66 -1 -1
67 -1 -1
68 -1 -1
69 -1 -1
70 -1 -1
71 -1 -1
72 -1 -1
73 -1 -1
74 -1 -1
75 -1 -1
76 -1 -1
77 -1 -1
78 -1 -1
79 -1 -1
80 -1 -1
81 -1 -1
82 -1 -1
83 -1 -1
84 -1 -1
85 -1 -1
86 -1 -1
87 -1 -1
88 -1 -1
89 -1 -1
90 -1 -1
91 -1 -1
92 -1 -1
93 -1 -1
94 -1 -1
95 -1 -1
96 -1 -1
97 -1 -1
98 -1 -1
99 -1 -1
0 0 0
1 0 22
2 -1 -1
3 -1 -1
4 -1 -1
5 -1 -1
6 -1 -1
7 -1 -1
8 -1 -1
9 0 217
10 -1 -1
11 -1 -1
12 -1 -1
13 -1 -1
14 -1 -1
15 -1 -1
16 -1 -1
17 -1 -1
18 -1 -1
19 -1 -1
20 62 0
21 62 25
22 -1 -1
23 -1 -1
24 -1 -1
25 -1 -1
26 -1 -1
27 -1 -1
28 -1 -1
29 -1 -1
30 97 1
31 97 25
32 97 49
33 -1 -1
34 -1 -1
35 94 121
36 -1 -1
37 -1 -1
38 -1 -1
39 -1 -1
40 -1 -1
41 129 22
42 -1 -1
43 -1 -1
44 -1 -1
45 -1 -1
46 -1 -1
47 -1 -1
48 -1 -1
49 -1 -1
50 -1 -1
51 -1 -1
52 -1 -1
53 -1 -1
54 -1 -1
55 158 121
56 -1 -1
57 -1 -1
58 -1 -1
59 -1 -1
60 -1 -1
61 -1 -1
62 -1 -1
63 -1 -1
64 -1 -1
65 -1 -1
66 -1 -1
67 -1 -1
68 -1 -1
69 -1 -1
70 -1 -1
71 -1 -1
72 -1 -1
73 -1 -1
74 -1 -1
75 -1 -1
76 -1 -1
77 -1 -1
78 -1 -1
79 -1 -1
80 -1 -1
81 -1 -1
82 -1 -1
83 -1 -1
84 -1 -1
85 -1 -1
86 -1 -1
87 -1 -1
88 -1 -1
89 -1 -1
90 -1 -1
91 -1 -1
92 -1 -1
93 -1 -1
94 -1 -1
95 -1 -1
96 -1 -1
97 -1 -1
98 -1 -1
99 -1 -1
0 1 0
1 1 22
2 -1 -1
3 -1 -1
4 -1 -1
5 -1 -1
6 -1 -1
7 -1 -1
8 1 193
9 -1 -1
10 33 0
11 30 25
12 -1 -1
13 -1 -1
14 -1 -1
15 -1 -1
16 33 142
17 -1 -1
18 -1 -1
19 -1 -1
20 62 1
21 65 24
22 -1 -1
23 -1 -1
24 -1 -1
25 -1 -1
26 -1 -1
27 -1 -1
28 -1 -1
29 -1 -1
30 -1 -1
31 94 25
32 -1 -1
33 -1 -1
34 -1 -1
35 94 118
36 -1 -1
37 -1 -1
38 -1 -1
39 -1 -1
40 -1 -1
41 126 25
42 -1 -1
43 -1 -1
44 -1 -1
45 126 121
46 -1 -1
47 -1 -1
48 -1 -1
49 -1 -1
50 -1 -1
51 -1 -1
52 -1 -1
53 -1 -1
54 -1 -1
55 -1 -1
56 -1 -1
57 -1 -1
58 -1 -1
59 -1 -1
60 -1 -1
61 -1 -1
62 -1 -1
63 -1 -1
64 -1 -1
65 -1 -1
66 -1 -1
67 -1 -1
68 -1 -1
69 -1 -1
70 -1 -1
71 -1 -1
72 -1 -1
73 -1 -1
74 -1 -1
75 -1 -1
76 -1 -1
77 -1 -1
78 -1 -1
79 -1 -1
80 -1 -1
81 -1 -1
82 -1 -1
83 -1 -1
84 -1 -1
85 -1 -1
86 -1 -1
87 -1 -1
88 -1 -1
89 -1 -1
90 -1 -1
91 -1 -1
92 -1 -1
93 -1 -1
94 -1 -1
95 -1 -1
96 -1 -1
97 -1 -1
98 -1 -1
99 -1 -1
0 0 1
1 0 25
2 -1 -1
3 -1 -1
4 -1 -1
5 -1 -1
6 1 142
7 -1 -1
8 1 192
9 -1 -1
10 30 1
11 33 25
12 -1 -1
13 -1 -1
14 -1 -1
15 -1 -1
16 -1 -1
17 33 166
18 -1 -1
19 -1 -1
20 62 1
21 64 25
22 -1 -1
23 65 73
24 -1 -1
25 -1 -1
26 -1 -1
27 -1 -1
28 -1 -1
29 -1 -1
30 -1 -1
31 94 25
32 -1 -1
33 -1 -1
34 -1 -1
35 94 118
36 -1 -1
37 -1 -1
38 -1 -1
39 -1 -1
40 -1 -1
41 -1 -1
42 -1 -1
43 -1 -1
44 -1 -1
45 126 121
46 -1 -1
47 -1 -1
48 -1 -1
49 -1 -1
50 -1 -1
51 -1 -1
52 -1 -1
53 -1 -1
54 -1 -1
55 158 121
56 -1 -1
57 -1 -1
58 -1 -1
59 -1 -1
60 -1 -1
61 -1 -1
62 -1 -1
63 -1 -1
64 -1 -1
65 -1 -1
66 -1 -1
67 -1 -1
68 -1 -1
69 -1 -1
70 -1 -1
71 -1 -1
72 -1 -1
73 -1 -1
74 -1 -1
75 -1 -1
76 -1 -1
77 -1 -1
78 -1 -1
79 -1 -1
80 -1 -1
81 -1 -1
82 -1 -1
83 -1 -1
84 -1 -1
85 -1 -1
86 -1 -1
87 -1 -1
88 -1 -1
89 -1 -1
90 -1 -1
91 -1 -1
92 -1 -1
93 -1 -1
94 -1 -1
95 -1 -1
96 -1 -1
97 -1 -1
98 -1 -1
99 -1 -1
0 0 1
1 1 25
2 -1 -1
3 -1 -1
4 0 96
5 -1 -1
6 -1 -1
7 -1 -1
8 1 193
9 1 214
10 30 1
11 30 22
12 -1 -1
13 -1 -1
14 33 97
15 -1 -1
16 -1 -1
17 -1 -1
18 -1 -1
19 30 214
20 62 1
21 62 25
22 -1 -1
23 -1 -1
24 -1 -1
25 -1 -1
26 -1 -1
27 -1 -1
28 -1 -1
29 -1 -1
30 94 1
31 94 25
32 -1 -1
33 -1 -1
34 -1 -1
35 94 121
36 -1 -1
37 -1 -1
38 -1 -1
39 -1 -1
40 -1 -1
41 -1 -1
42 -1 -1
43 -1 -1
44 -1 -1
45 126 121
46 -1 -1
47 -1 -1
48 -1 -1
49 -1 -1
50 -1 -1
51 -1 -1
52 -1 -1
53 -1 -1
54 -1 -1
55 -1 -1
56 -1 -1
57 -1 -1
58 -1 -1
59 -1 -1
60 -1 -1
61 -1 -1
62 -1 -1
63 -1 -1
64 -1 -1
65 -1 -1
66 -1 -1
67 -1 -1
68 -1 -1
69 -1 -1
70 -1 -1
71 -1 -1
72 -1 -1
73 -1 -1
74 -1 -1
75 -1 -1
76 -1 -1
77 -1 -1
78 -1 -1
79 -1 -1
80 -1 -1
81 -1 -1
82 -1 -1
83 -1 -1
84 -1 -1
85 -1 -1
86 -1 -1
87 -1 -1
88 -1 -1
89 -1 -1
90 -1 -1
91 -1 -1
92 -1 -1
93 -1 -1
94 -1 -1
95 -1 -1
96 -1 -1
97 -1 -1
98 -1 -1
99 -1 -1
0 0 1
1 0 25
2 -1 -1
3 -1 -1
4 1 97
5 -1 -1
6 1 145
7 1 166
8 -1 -1
9 1 217
10 30 0
11 30 25
12 -1 -1
13 30 70
14 -1 -1
15 -1 -1
16 -1 -1
17 -1 -1
18 -1 -1
19 -1 -1
20 62 1
21 62 25
22 -1 -1
23 -1 -1
24 -1 -1
25 -1 -1
26 -1 -1
27 -1 -1
28 -1 -1
29 -1 -1
30 -1 -1
31 -1 -1
32 -1 -1
33 -1 -1
34 -1 -1
35 94 118
36 -1 -1
37 -1 -1
38 -1 -1
39 -1 -1
40 -1 -1
41 -1 -1
42 -1 -1
43 -1 -1
44 -1 -1
45 126 121
46 -1 -1
47 -1 -1
48 -1 -1
49 -1 -1
50 -1 -1
51 -1 -1
52 -1 -1
53 -1 -1
54 -1 -1
55 158 121
56 -1 -1
57 -1 -1
58 -1 -1
59 -1 -1
60 -1 -1
61 -1 -1
62 -1 -1
63 -1 -1
64 -1 -1
65 -1 -1
66 -1 -1
67 -1 -1
68 -1 -1
69 -1 -1
70 -1 -1
71 -1 -1
72 -1 -1
73 -1 -1
74 -1 -1
75 -1 -1
76 -1 -1
77 -1 -1
78 -1 -1
79 -1 -1
80 -1 -1
81 -1 -1
82 -1 -1
83 -1 -1
84 -1 -1
85 -1 -1
86 -1 -1
87 -1 -1
88 -1 -1
89 -1 -1
90 -1 -1
91 -1 -1
92 -1 -1
93 -1 -1
94 -1 -1
95 -1 -1
96 -1 -1
97 -1 -1
98 -1 -1
99 -1 -1
0 1 0
1 0 25
2 -1 -1
3 1 70
4 0 94
5 -1 -1
6 -1 -1
7 0 166
8 1 193
9 1 214
10 30 0
11 32 22
12 -1 -1
13 30 70
14 30 97
15 -1 -1
16 -1 -1
17 -1 -1
18 33 190
19 -1 -1
20 62 1
21 62 22
22 -1 -1
23 65 70
24 -1 -1
25 -1 -1
26 -1 -1
27 -1 -1
28 -1 -1
29 -1 -1
30 -1 -1
31 -1 -1
32 -1 -1
33 -1 -1
34 -1 -1
35 94 118
36 -1 -1
37 -1 -1
38 -1 -1
39 -1 -1
40 -1 -1
41 -1 -1
42 -1 -1
43 -1 -1
44 -1 -1
45 126 121
46 -1 -1
47 -1 -1
48 -1 -1
49 -1 -1
50 -1 -1
51 -1 -1
52 -1 -1
53 -1 -1
54 -1 -1
55 158 121
56 -1 -1
57 -1 -1
58 -1 -1
59 -1 -1
60 -1 -1
61 -1 -1
62 -1 -1
63 -1 -1
64 -1 -1
65 -1 -1
66 -1 -1
67 -1 -1
68 -1 -1
69 -1 -1
70 -1 -1
71 -1 -1
72 -1 -1
73 -1 -1
74 -1 -1
75 -1 -1
76 -1 -1
77 -1 -1
78 -1 -1
79 -1 -1
80 -1 -1
81 -1 -1
82 -1 -1
83 -1 -1
84 -1 -1
85 -1 -1
86 -1 -1
87 -1 -1
88 -1 -1
89 -1 -1
90 -1 -1
91 -1 -1
92 -1 -1
93 -1 -1
94 -1 -1
95 -1 -1
96 -1 -1
97 -1 -1
98 -1 -1
99 -1 -1
0 0 0
1 0 25
2 -1 -1
3 0 73
4 -1 -1
5 1 121
6 1 145
7 -1 -1
8 1 193
9 0 217
10 30 0
11 30 22
12 30 49
13 33 70
14 -1 -1
15 -1 -1
16 -1 -1
17 -1 -1
18 32 193
19 33 214
20 -1 -1
21 -1 -1
22 -1 -1
23 -1 -1
24 -1 -1
25 -1 -1
26 -1 -1
27 -1 -1
28 -1 -1
29 -1 -1
30 -1 -1
31 -1 -1
32 -1 -1
33 -1 -1
34 -1 -1
35 94 118
36 -1 -1
37 -1 -1
38 -1 -1
39 -1 -1
40 -1 -1
41 -1 -1
42 -1 -1
43 -1 -1
44 -1 -1
45 126 121
46 -1 -1
47 -1 -1
48 -1 -1
49 -1 -1
50 -1 -1
51 -1 -1
52 -1 -1
53 -1 -1
54 -1 -1
55 158 121
56 -1 -1
57 -1 -1
58 -1 -1
59 -1 -1
60 -1 -1
61 -1 -1
62 -1 -1
63 -1 -1
64 -1 -1
65 -1 -1
66 -1 -1
67 -1 -1
68 -1 -1
69 -1 -1
70 -1 -1
71 -1 -1
72 -1 -1
73 -1 -1
74 -1 -1
75 -1 -1
76 -1 -1
77 -1 -1
78 -1 -1
79 -1 -1
80 -1 -1
81 -1 -1
82 -1 -1
83 -1 -1
84 -1 -1
85 -1 -1
86 -1 -1
87 -1 -1
88 -1 -1
89 -1 -1
90 -1 -1
91 -1 -1
92 -1 -1
93 -1 -1
94 -1 -1
95 -1 -1
96 -1 -1
97 -1 -1
98 -1 -1
99 -1 -1
0 0 0
1 0 22
2 -1 -1
3 1 70
4 -1 -1
5 -1 -1
6 0 142
7 -1 -1
8 -1 -1
9 -1 -1
10 30 0
11 30 22
12 -1 -1
13 30 70
14 33 94
15 30 118
16 -1 -1
17 -1 -1
18 -1 -1
19 -1 -1
20 -1 -1
21 -1 -1
22 -1 -1
23 -1 -1
24 -1 -1
25 -1 -1
26 -1 -1
27 -1 -1
28 -1 -1
29 -1 -1
30 -1 -1
31 -1 -1
32 -1 -1
33 -1 -1
34 -1 -1
35 94 120
36 -1 -1
37 -1 -1
38 -1 -1
39 -1 -1
40 -1 -1
41 -1 -1
42 -1 -1
43 -1 -1
44 -1 -1
45 126 121
46 -1 -1
47 -1 -1
48 -1 -1
49 -1 -1
50 -1 -1
51 -1 -1
52 -1 -1
53 -1 -1
54 -1 -1
55 158 121
56 -1 -1
57 -1 -1
58 -1 -1
59 -1 -1
60 -1 -1
61 -1 -1
62 -1 -1
63 -1 -1
64 -1 -1
65 -1 -1
66 -1 -1
67 -1 -1
68 -1 -1
69 -1 -1
70 -1 -1
71 -1 -1
72 -1 -1
73 -1 -1
74 -1 -1
75 -1 -1
76 -1 -1
77 -1 -1
78 -1 -1
79 -1 -1
80 -1 -1
81 -1 -1
82 -1 -1
83 -1 -1
84 -1 -1
85 -1 -1
86 -1 -1
87 -1 -1
88 -1 -1
89 -1 -1
90 -1 -1
91 -1 -1
92 -1 -1
93 -1 -1
94 -1 -1
95 -1 -1
96 -1 -1
97 -1 -1
98 -1 -1
99 -1 -1
0 1 0
1 1 25
2 0 49
3 0 70
4 -1 -1
5 -1 -1
6 1 145
7 -1 -1
8 -1 -1
9 1 214
10 -1 -1
11 -1 -1
12 -1 -1
13 -1 -1
14 31 96
15 -1 -1
16 -1 -1
17 -1 -1
18 -1 -1
19 -1 -1
20 -1 -1
21 -1 -1
22 -1 -1
23 -1 -1
24 -1 -1
25 -1 -1
26 -1 -1
27 -1 -1
28 -1 -1
29 -1 -1
30 -1 -1
31 -1 -1
32 -1 -1
33 -1 -1
34 -1 -1
35 94 121
36 -1 -1
37 -1 -1
38 -1 -1
39 -1 -1
40 -1 -1
41 -1 -1
42 -1 -1
43 -1 -1
44 -1 -1
45 126 121
46 -1 -1
47 -1 -1
48 -1 -1
49 -1 -1
50 -1 -1
51 -1 -1
52 -1 -1
53 -1 -1
54 -1 -1
55 158 121
56 -1 -1
57 -1 -1
58 -1 -1
59 -1 -1
60 -1 -1
61 -1 -1
62 -1 -1
63 -1 -1
64 -1 -1
65 -1 -1
66 -1 -1
67 -1 -1
68 -1 -1
69 -1 -1
70 -1 -1
71 -1 -1
72 -1 -1
73 -1 -1
74 -1 -1
75 -1 -1
76 -1 -1
77 -1 -1
78 -1 -1
79 -1 -1
80 -1 -1
81 -1 -1
82 -1 -1
83 -1 -1
84 -1 -1
85 -1 -1
86 -1 -1
87 -1 -1
88 -1 -1
89 -1 -1
90 -1 -1
91 -1 -1
92 -1 -1
93 -1 -1
94 -1 -1
95 -1 -1
96 -1 -1
97 -1 -1
98 -1 -1
99 -1 -1
0 0 0
1 0 22
2 0 49
3 -1 -1
4 1 97
5 -1 -1
6 -1 -1
7 -1 -1
8 -1 -1
9 -1 -1
10 -1 -1
11 33 22
12 -1 -1
13 -1 -1
14 30 96
15 -1 -1
16 -1 -1
17 -1 -1
18 -1 -1
19 -1 -1
20 62 1
21 -1 -1
22 -1 -1
23 -1 -1
24 -1 -1
25 -1 -1
26 -1 -1
27 -1 -1
28 -1 -1
29 -1 -1
30 -1 -1
31 -1 -1
32 -1 -1
33 -1 -1
34 -1 -1
35 94 121
36 -1 -1
37 -1 -1
38 -1 -1
39 -1 -1
40 -1 -1
41 126 22
42 -1 -1
43 -1 -1
44 -1 -1
45 -1 -1
46 -1 -1
47 -1 -1
48 -1 -1
49 -1 -1
50 -1 -1
51 -1 -1
52 -1 -1
53 -1 -1
54 -1 -1
55 -1 -1
56 -1 -1
57 -1 -1
58 -1 -1
59 -1 -1
60 -1 -1
61 -1 -1
62 -1 -1
63 -1 -1
64 -1 -1
65 -1 -1
66 -1 -1
67 -1 -1
68 -1 -1
69 -1 -1
70 -1 -1
71 -1 -1
72 -1 -1
73 -1 -1
74 -1 -1
75 -1 -1
76 -1 -1
77 -1 -1
78 -1 -1
79 -1 -1
80 -1 -1
81 -1 -1
82 -1 -1
83 -1 -1
84 -1 -1
85 -1 -1
86 -1 -1
87 -1 -1
88 -1 -1
89 -1 -1
90 -1 -1
91 -1 -1
92 -1 -1
93 -1 -1
94 -1 -1
95 -1 -1
96 -1 -1
97 -1 -1
98 -1 -1
99 -1 -1
0 1 0
1 -1 -1
2 -1 -1
3 -1 -1
4 -1 -1
5 -1 -1
6 -1 -1
7 -1 -1
8 -1 -1
9 0 214
10 30 1
11 -1 -1
12 -1 -1
13 -1 -1
14 -1 -1
15 -1 -1
16 -1 -1
17 -1 -1
18 -1 -1
19 -1 -1
20 -1 -1
21 65 25
22 -1 -1
23 -1 -1
24 -1 -1
25 -1 -1
26 -1 -1
27 -1 -1
28 -1 -1
29 -1 -1
30 94 1
31 94 25
32 -1 -1
33 -1 -1
34 -1 -1
35 -1 -1
36 -1 -1
37 -1 -1
38 -1 -1
39 -1 -1
40 126 0
41 126 22
42 -1 -1
43 -1 -1
44 -1 -1
45 -1 -1
46 -1 -1
47 -1 -1
48 -1 -1
49 -1 -1
50 -1 -1
51 -1 -1
52 -1 -1
53 -1 -1
54 -1 -1
55 -1 -1
56 -1 -1
57 -1 -1
58 -1 -1
59 -1 -1
60 -1 -1
61 -1 -1
62 -1 -1
63 -1 -1
64 -1 -1
65 -1 -1
66 -1 -1
67 -1 -1
68 -1 -1
69 -1 -1
70 -1 -1
71 -1 -1
72 -1 -1
73 -1 -1
74 -1 -1
75 -1 -1
76 -1 -1
77 -1 -1
78 -1 -1
79 -1 -1
80 -1 -1
81 -1 -1
82 -1 -1
83 -1 -1
84 -1 -1
85 -1 -1
86 -1 -1
87 -1 -1
88 -1 -1
89 -1 -1
90 -1 -1
91 -1 -1
92 -1 -1
93 -1 -1
94 -1 -1
95 -1 -1
96 -1 -1
97 -1 -1
98 -1 -1
99 -1 -1
0 1 0
1 0 25
2 -1 -1
3 -1 -1
4 -1 -1
5 -1 -1
6 -1 -1
7 -1 -1
8 -1 -1
9 0 214
10 30 0
11 30 22
12 -1 -1
13 33 73
14 -1 -1
15 -1 -1
16 -1 -1
17 -1 -1
18 -1 -1
19 -1 -1
20 65 0
21 62 22
22 62 46
23 -1 -1
24 -1 -1
25 -1 -1
26 -1 -1
27 -1 -1
28 -1 -1
29 -1 -1
30 94 0
31 94 22
32 96 49
33 -1 -1
34 -1 -1
35 -1 -1
36 -1 -1
37 -1 -1
38 -1 -1
39 -1 -1
40 126 0
41 -1 -1
42 -1 -1
43 -1 -1
44 -1 -1
45 -1 -1
46 126 143
47 -1 -1
48 -1 -1
49 -1 -1
50 -1 -1
51 -1 -1
52 -1 -1
53 -1 -1
54 -1 -1
55 -1 -1
56 160 145
57 -1 -1
58 -1 -1
59 -1 -1
60 -1 -1
61 -1 -1
62 -1 -1
63 -1 -1
64 -1 -1
65 -1 -1
66 -1 -1
67 -1 -1
68 -1 -1
69 -1 -1
70 -1 -1
71 -1 -1
72 -1 -1
73 -1 -1
74 -1 -1
75 -1 -1
76 -1 -1
77 -1 -1
78 -1 -1
79 -1 -1
80 -1 -1
81 -1 -1
82 -1 -1
83 -1 -1
84 -1 -1
85 -1 -1
86 -1 -1
87 -1 -1
88 -1 -1
89 -1 -1
90 -1 -1
91 -1 -1
92 -1 -1
93 -1 -1
94 -1 -1
95 -1 -1
96 -1 -1
97 -1 -1
98 -1 -1
99 -1 -1
0 0 0
1 1 25
2 1 47
3 1 70
4 0 94
5 -1 -1
6 -1 -1
7 -1 -1
8 -1 -1
9 -1 -1
10 32 1
11 30 25
12 30 48
13 30 71
14 -1 -1
15 -1 -1
16 -1 -1
17 -1 -1
18 -1 -1
19 -1 -1
20 62 0
21 62 22
22 -1 -1
23 -1 -1
24 -1 -1
25 -1 -1
26 -1 -1
27 -1 -1
28 -1 -1
29 62 215
30 97 1
31 94 24
32 -1 -1
33 -1 -1
34 -1 -1
35 -1 -1
36 -1 -1
37 -1 -1
38 -1 -1
39 -1 -1
40 126 0
41 -1 -1
42 -1 -1
43 -1 -1
44 -1 -1
45 -1 -1
46 -1 -1
47 -1 -1
48 -1 -1
49 -1 -1
50 -1 -1
51 -1 -1
52 -1 -1
53 -1 -1
54 -1 -1
55 -1 -1
56 160 145
57 -1 -1
58 -1 -1
59 -1 -1
60 -1 -1
61 -1 -1
62 -1 -1
63 -1 -1
64 -1 -1
65 -1 -1
66 -1 -1
67 -1 -1
68 -1 -1
69 -1 -1
70 -1 -1
71 -1 -1
72 -1 -1
73 -1 -1
74 -1 -1
75 -1 -1
76 -1 -1
77 -1 -1
78 -1 -1
79 -1 -1
80 -1 -1
81 -1 -1
82 -1 -1
83 -1 -1
84 -1 -1
85 -1 -1
86 -1 -1
87 -1 -1
88 -1 -1
89 -1 -1
90 -1 -1
91 -1 -1
92 -1 -1
93 -1 -1
94 -1 -1
95 -1 -1
96 -1 -1
97 -1 -1
98 -1 -1
99 -1 -1
0 0 0
1 0 22
2 0 49
3 1 73
4 -1 -1
5 -1 -1
6 -1 -1
7 -1 -1
8 -1 -1
9 -1 -1
10 30 1
11 30 25
12 -1 -1
13 -1 -1
14 -1 -1
15 -1 -1
16 -1 -1
17 -1 -1
18 -1 -1
19 -1 -1
20 62 0
21 64 24
22 -1 -1
23 -1 -1
24 -1 -1
25 -1 -1
26 -1 -1
27 -1 -1
28 -1 -1
29 -1 -1
30 94 0
31 95 25
32 -1 -1
33 -1 -1
34 -1 -1
35 -1 -1
36 -1 -1
37 -1 -1
38 -1 -1
39 -1 -1
40 -1 -1
41 -1 -1
42 -1 -1
43 -1 -1
44 -1 -1
45 -1 -1
46 -1 -1
47 -1 -1
48 -1 -1
49 -1 -1
50 -1 -1
51 -1 -1
52 -1 -1
53 -1 -1
54 -1 -1
55 -1 -1
56 -1 -1
57 -1 -1
58 -1 -1
59 -1 -1
60 -1 -1
61 -1 -1
62 -1 -1
63 -1 -1
64 -1 -1
65 -1 -1
66 -1 -1
67 -1 -1
68 -1 -1
69 -1 -1
70 -1 -1
71 -1 -1
72 -1 -1
73 -1 -1
74 -1 -1
75 -1 -1
76 -1 -1
77 -1 -1
78 -1 -1
79 -1 -1
80 -1 -1
81 -1 -1
82 -1 -1
83 -1 -1
84 -1 -1
85 -1 -1
86 -1 -1
87 -1 -1
88 -1 -1
89 -1 -1
90 -1 -1
91 -1 -1
92 -1 -1
93 -1 -1
94 -1 -1
95 -1 -1
96 -1 -1
97 -1 -1
98 -1 -1
99 -1 -1
0 1 0
1 1 23
2 0 49
3 0 73
4 -1 -1
5 -1 -1
6 -1 -1
7 -1 -1
8 -1 -1
9 -1 -1
10 33 0
11 30 24
12 -1 -1
13 -1 -1
14 -1 -1
15 -1 -1
16 -1 -1
17 -1 -1
18 -1 -1
19 30 217
20 65 0
21 65 22
22 -1 -1
23 -1 -1
24 -1 -1
25 -1 -1
26 -1 -1
27 -1 -1
28 -1 -1
29 -1 -1
30 94 0
31 95 23
32 -1 -1
33 -1 -1
34 -1 -1
35 94 121
36 -1 -1
37 -1 -1
38 -1 -1
39 -1 -1
40 -1 -1
41 -1 -1
42 -1 -1
43 -1 -1
44 -1 -1
45 -1 -1
46 -1 -1
47 -1 -1
48 -1 -1
49 -1 -1
50 -1 -1
51 -1 -1
52 -1 -1
53 -1 -1
54 -1 -1
55 -1 -1
56 -1 -1
57 -1 -1
58 -1 -1
59 -1 -1
60 -1 -1
61 -1 -1
62 -1 -1
63 -1 -1
64 -1 -1
65 -1 -1
66 -1 -1
67 -1 -1
68 -1 -1
69 -1 -1
70 -1 -1
71 -1 -1
72 -1 -1
73 -1 -1
74 -1 -1
75 -1 -1
76 -1 -1
77 -1 -1
78 -1 -1
79 -1 -1
80 -1 -1
81 -1 -1
82 -1 -1
83 -1 -1
84 -1 -1
85 -1 -1
86 -1 -1
87 -1 -1
88 -1 -1
89 -1 -1
90 -1 -1
91 -1 -1
92 -1 -1
93 -1 -1
94 -1 -1
95 -1 -1
96 -1 -1
97 -1 -1
98 -1 -1
99 -1 -1
0 1 0
1 0 25
2 -1 -1
3 0 73
4 -1 -1
5 -1 -1
6 -1 -1
7 -1 -1
8 -1 -1
9 -1 -1
10 33 0
11 33 22
12 -1 -1
13 -1 -1
14 -1 -1
15 -1 -1
16 -1 -1
17 -1 -1
18 -1 -1
19 -1 -1
20 62 0
21 65 25
22 -1 -1
23 -1 -1
24 -1 -1
25 -1 -1
26 -1 -1
27 -1 -1
28 -1 -1
29 -1 -1
30 94 0
31 94 22
32 94 49
33 -1 -1
34 -1 -1
35 94 121
36 -1 -1
37 -1 -1
38 -1 -1
39 -1 -1
40 -1 -1
41 -1 -1
42 -1 -1
43 -1 -1
44 -1 -1
45 -1 -1
46 -1 -1
47 -1 -1
48 -1 -1
49 -1 -1
50 161 0
51 -1 -1
52 -1 -1
53 -1 -1
54 -1 -1
55 -1 -1
56 161 145
57 -1 -1
58 -1 -1
59 -1 -1
60 -1 -1
61 -1 -1
62 -1 -1
63 -1 -1
64 -1 -1
65 -1 -1
66 -1 -1
67 -1 -1
68 -1 -1
69 -1 -1
70 -1 -1
71 -1 -1
72 -1 -1
73 -1 -1
74 -1 -1
75 -1 -1
76 -1 -1
77 -1 -1
78 -1 -1
79 -1 -1
80 -1 -1
81 -1 -1
82 -1 -1
83 -1 -1
84 -1 -1
85 -1 -1
86 -1 -1
87 -1 -1
88 -1 -1
89 -1 -1
90 -1 -1
91 -1 -1
92 -1 -1
93 -1 -1
94 -1 -1
95 -1 -1
96 -1 -1
97 -1 -1
98 -1 -1
99 -1 -1
0 0 1
1 0 24
2 -1 -1
3 0 70
4 0 94
5 -1 -1
6 -1 -1
7 -1 -1
8 -1 -1
9 -1 -1
10 30 0
11 -1 -1
12 -1 -1
13 33 70
14 -1 -1
15 -1 -1
16 -1 -1
17 -1 -1
18 -1 -1
19 -1 -1
20 64 0
21 62 22
22 65 49
23 -1 -1
24 -1 -1
25 -1 -1
26 -1 -1
27 -1 -1
28 -1 -1
29 -1 -1
30 94 0
31 -1 -1
32 -1 -1
33 -1 -1
34 -1 -1
35 94 121
36 -1 -1
37 -1 -1
38 -1 -1
39 -1 -1
40 -1 -1
41 -1 -1
42 -1 -1
43 -1 -1
44 -1 -1
45 -1 -1
46 129 145
47 -1 -1
48 -1 -1
49 -1 -1
50 -1 -1
51 -1 -1
52 -1 -1
53 -1 -1
54 -1 -1
55 -1 -1
56 161 145
57 -1 -1
58 -1 -1
59 -1 -1
60 -1 -1
61 191 22
62 -1 -1
63 -1 -1
64 -1 -1
65 -1 -1
66 -1 -1
67 -1 -1
68 -1 -1
69 -1 -1
70 -1 -1
71 -1 -1
72 -1 -1
73 -1 -1
74 -1 -1
75 -1 -1
76 -1 -1
77 -1 -1
78 -1 -1
79 -1 -1
80 -1 -1
81 -1 -1
82 -1 -1
83 -1 -1
84 -1 -1
85 -1 -1
86 -1 -1
87 -1 -1
88 -1 -1
89 -1 -1
90 -1 -1
91 -1 -1
92 -1 -1
93 -1 -1
94 -1 -1
95 -1 -1
96 -1 -1
97 -1 -1
98 -1 -1
99 -1 -1
0 0 0
1 -1 -1
2 -1 -1
3 -1 -1
4 1 94
5 1 118
6 -1 -1
7 -1 -1
8 -1 -1
9 -1 -1
10 30 0
11 30 22
12 -1 -1
13 -1 -1
14 30 97
15 -1 -1
16 -1 -1
17 -1 -1
18 -1 -1
19 -1 -1
20 62 0
21 62 22
22 -1 -1
23 -1 -1
24 -1 -1
25 -1 -1
26 -1 -1
27 -1 -1
28 -1 -1
29 -1 -1
30 94 0
31 -1 -1
32 -1 -1
33 -1 -1
34 -1 -1
35 94 121
36 -1 -1
37 -1 -1
38 -1 -1
39 94 217
40 -1 -1
41 -1 -1
42 -1 -1
43 -1 -1
44 -1 -1
45 -1 -1
46 129 145
47 -1 -1
48 -1 -1
49 -1 -1
50 -1 -1
51 -1 -1
52 -1 -1
53 -1 -1
54 -1 -1
55 -1 -1
56 158 145
57 -1 -1
58 -1 -1
59 -1 -1
60 -1 -1
61 -1 -1
62 -1 -1
63 -1 -1
64 -1 -1
65 -1 -1
66 -1 -1
67 -1 -1
68 -1 -1
69 -1 -1
70 -1 -1
71 -1 -1
72 -1 -1
73 -1 -1
74 -1 -1
75 -1 -1
76 -1 -1
77 -1 -1
78 -1 -1
79 -1 -1
80 -1 -1
81 -1 -1
82 -1 -1
83 -1 -1
84 -1 -1
85 -1 -1
86 -1 -1
87 -1 -1
88 -1 -1
89 -1 -1
90 -1 -1
91 -1 -1
92 -1 -1
93 -1 -1
94 -1 -1
95 -1 -1
96 -1 -1
97 -1 -1
98 -1 -1
99 -1 -1
0 0 0
1 0 22
2 -1 -1
3 -1 -1
4 1 94
5 0 118
6 -1 -1
7 -1 -1
8 -1 -1
9 -1 -1
10 30 0
11 30 25
12 -1 -1
13 -1 -1
14 33 97
15 -1 -1
16 -1 -1
17 -1 -1
18 -1 -1
19 -1 -1
20 62 0
21 62 22
22 -1 -1
23 -1 -1
24 -1 -1
25 -1 -1
26 -1 -1
27 -1 -1
28 -1 -1
29 65 217
30 94 0
31 -1 -1
32 -1 -1
33 -1 -1
34 -1 -1
35 94 121
36 -1 -1
37 -1 -1
38 -1 -1
39 -1 -1
40 126 0
41 -1 -1
42 -1 -1
43 -1 -1
44 -1 -1
45 -1 -1
46 129 145
47 -1 -1
48 -1 -1
49 -1 -1
50 -1 -1
51 -1 -1
52 -1 -1
53 -1 -1
54 -1 -1
55 158 121
56 -1 -1
57 -1 -1
58 -1 -1
59 -1 -1
60 -1 -1
61 -1 -1
62 -1 -1
63 -1 -1
64 -1 -1
65 -1 -1
66 -1 -1
67 -1 -1
68 -1 -1
69 -1 -1
70 -1 -1
71 -1 -1
72 -1 -1
73 -1 -1
74 -1 -1
75 -1 -1
76 -1 -1
77 -1 -1
78 -1 -1
79 -1 -1
80 -1 -1
81 -1 -1
82 -1 -1
83 -1 -1
84 -1 -1
85 -1 -1
86 -1 -1
87 -1 -1
88 -1 -1
89 -1 -1
90 -1 -1
91 -1 -1
92 -1 -1
93 -1 -1
94 -1 -1
95 -1 -1
96 -1 -1
97 -1 -1
98 -1 -1
99 -1 -1
0 0 0
1 0 25
2 -1 -1
3 -1 -1
4 -1 -1
5 0 120
6 -1 -1
7 -1 -1
8 -1 -1
9 -1 -1
10 30 1
11 30 25
12 30 49
13 -1 -1
14 -1 -1
15 33 121
16 33 145
17 -1 -1
18 -1 -1
19 -1 -1
20 62 0
21 62 25
22 62 46
23 -1 -1
24 -1 -1
25 -1 -1
26 -1 -1
27 -1 -1
28 -1 -1
29 -1 -1
30 94 0
31 -1 -1
32 -1 -1
33 -1 -1
34 -1 -1
35 94 121
36 -1 -1
37 -1 -1
38 -1 -1
39 -1 -1
40 -1 -1
41 -1 -1
42 126 46
43 -1 -1
44 -1 -1
45 -1 -1
46 -1 -1
47 -1 -1
48 -1 -1
49 -1 -1
50 -1 -1
51 -1 -1
52 -1 -1
53 -1 -1
54 -1 -1
55 158 121
56 -1 -1
57 -1 -1
58 -1 -1
59 -1 -1
60 -1 -1
61 -1 -1
62 -1 -1
63 -1 -1
64 -1 -1
65 -1 -1
66 -1 -1
67 -1 -1
68 -1 -1
69 -1 -1
70 -1 -1
71 -1 -1
72 -1 -1
73 -1 -1
74 -1 -1
75 -1 -1
76 -1 -1
77 -1 -1
78 -1 -1
79 -1 -1
80 -1 -1
81 -1 -1
82 -1 -1
83 -1 -1
84 -1 -1
85 -1 -1
86 -1 -1
87 -1 -1
88 -1 -1
89 -1 -1
90 -1 -1
91 -1 -1
92 -1 -1
93 -1 -1
94 -1 -1
95 -1 -1
96 -1 -1
97 -1 -1
98 -1 -1
99 -1 -1
0 0 0
1 0 25
2 0 49
3 -1 -1
4 -1 -1
5 0 119
6 -1 -1
7 -1 -1
8 -1 -1
9 -1 -1
10 30 0
11 30 25
12 33 49
13 -1 -1
14 -1 -1
15 -1 -1
16 -1 -1
17 -1 -1
18 -1 -1
19 -1 -1
20 65 1
21 65 22
22 62 46
23 64 70
24 -1 -1
25 -1 -1
26 -1 -1
27 -1 -1
28 -1 -1
29 -1 -1
30 94 0
31 -1 -1
32 -1 -1
33 -1 -1
34 -1 -1
35 94 121
36 -1 -1
37 -1 -1
38 -1 -1
39 -1 -1
40 -1 -1
41 -1 -1
42 126 46
43 -1 -1
44 -1 -1
45 126 121
46 -1 -1
47 -1 -1
48 -1 -1
49 -1 -1
50 -1 -1
51 -1 -1
52 -1 -1
53 -1 -1
54 -1 -1
55 158 121
56 -1 -1
57 -1 -1
58 -1 -1
59 -1 -1
60 -1 -1
61 -1 -1
62 -1 -1
63 -1 -1
64 -1 -1
65 -1 -1
66 -1 -1
67 -1 -1
68 -1 -1
69 -1 -1
70 -1 -1
71 -1 -1
72 -1 -1
73 -1 -1
74 -1 -1
75 -1 -1
76 -1 -1
77 -1 -1
78 -1 -1
79 -1 -1
80 -1 -1
81 -1 -1
82 -1 -1
83 -1 -1
84 -1 -1
85 -1 -1
86 -1 -1
87 -1 -1
88 -1 -1
89 -1 -1
90 -1 -1
91 -1 -1
92 -1 -1
93 -1 -1
94 -1 -1
95 -1 -1
96 -1 -1
97 -1 -1
98 -1 -1
99 -1 -1
0 0 1
1 0 24
2 0 49
3 -1 -1
4 -1 -1
5 0 121
6 -1 -1
7 -1 -1
8 -1 -1
9 -1 -1
10 30 0
11 30 25
12 30 49
13 -1 -1
14 -1 -1
15 -1 -1
16 -1 -1
17 -1 -1
18 -1 -1
19 -1 -1
20 62 1
21 62 22
22 62 46
23 63 70
24 -1 -1
25 -1 -1
26 -1 -1
27 -1 -1
28 -1 -1
29 -1 -1
30 -1 -1
31 -1 -1
32 -1 -1
33 -1 -1
34 -1 -1
35 94 118
36 -1 -1
37 -1 -1
38 -1 -1
39 -1 -1
40 -1 -1
41 -1 -1
42 -1 -1
43 -1 -1
44 -1 -1
45 126 121
46 -1 -1
47 -1 -1
48 -1 -1
49 -1 -1
50 -1 -1
51 -1 -1
52 -1 -1
53 -1 -1
54 -1 -1
55 -1 -1
56 -1 -1
57 -1 -1
58 -1 -1
59 -1 -1
60 -1 -1
61 -1 -1
62 -1 -1
63 -1 -1
64 -1 -1
65 -1 -1
66 -1 -1
67 -1 -1
68 -1 -1
69 -1 -1
70 -1 -1
71 -1 -1
72 -1 -1
73 -1 -1
74 -1 -1
75 -1 -1
76 -1 -1
77 -1 -1
78 -1 -1
79 -1 -1
80 -1 -1
81 -1 -1
82 -1 -1
83 -1 -1
84 -1 -1
85 -1 -1
86 -1 -1
87 -1 -1
88 -1 -1
89 -1 -1
90 -1 -1
91 -1 -1
92 -1 -1
93 -1 -1
94 -1 -1
95 -1 -1
96 -1 -1
97 -1 -1
98 -1 -1
99 -1 -1
0 0 0
1 0 22
2 0 49
3 -1 -1
4 -1 -1
5 -1 -1
6 1 142
7 -1 -1
8 -1 -1
9 -1 -1
10 30 0
11 30 25
12 30 48
13 -1 -1
14 -1 -1
15 -1 -1
16 -1 -1
17 -1 -1
18 -1 -1
19 -1 -1
20 62 0
21 62 22
22 -1 -1
23 62 70
24 -1 -1
25 -1 -1
26 -1 -1
27 -1 -1
28 -1 -1
29 -1 -1
30 -1 -1
31 -1 -1
32 -1 -1
33 -1 -1
34 -1 -1
35 94 118
36 -1 -1
37 -1 -1
38 -1 -1
39 -1 -1
40 -1 -1
41 -1 -1
42 -1 -1
43 -1 -1
44 -1 -1
45 126 121
46 -1 -1
47 -1 -1
48 -1 -1
49 -1 -1
50 -1 -1
51 -1 -1
52 -1 -1
53 -1 -1
54 -1 -1
55 -1 -1
56 -1 -1
57 -1 -1
58 -1 -1
59 -1 -1
60 -1 -1
61 -1 -1
62 -1 -1
63 -1 -1
64 -1 -1
65 -1 -1
66 -1 -1
67 -1 -1
68 -1 -1
69 -1 -1
70 -1 -1
71 -1 -1
72 -1 -1
73 -1 -1
74 -1 -1
75 -1 -1
76 -1 -1
77 -1 -1
78 -1 -1
79 -1 -1
80 -1 -1
81 -1 -1
82 -1 -1
83 -1 -1
84 -1 -1
85 -1 -1
86 -1 -1
87 -1 -1
88 -1 -1
89 -1 -1
90 -1 -1
91 -1 -1
92 -1 -1
93 -1 -1
94 -1 -1
95 -1 -1
96 -1 -1
97 -1 -1
98 -1 -1
99 -1 -1
0 0 0
1 0 24
2 1 49
3 -1 -1
4 -1 -1
5 -1 -1
6 -1 -1
7 -1 -1
8 -1 -1
9 -1 -1
10 30 0
11 30 25
12 30 48
13 -1 -1
14 -1 -1
15 33 121
16 -1 -1
17 -1 -1
18 -1 -1
19 -1 -1
20 -1 -1
21 -1 -1
22 -1 -1
23 62 72
24 -1 -1
25 -1 -1
26 -1 -1
27 -1 -1
28 -1 -1
29 -1 -1
30 -1 -1
31 -1 -1
32 -1 -1
33 -1 -1
34 -1 -1
35 94 118
36 -1 -1
37 -1 -1
38 -1 -1
39 -1 -1
40 -1 -1
41 -1 -1
42 -1 -1
43 -1 -1
44 -1 -1
45 126 121
46 -1 -1
47 -1 -1
48 -1 -1
49 -1 -1
50 -1 -1
51 -1 -1
52 -1 -1
53 -1 -1
54 -1 -1
55 158 121
56 -1 -1
57 -1 -1
58 -1 -1
59 -1 -1
60 -1 -1
61 -1 -1
62 -1 -1
63 -1 -1
64 -1 -1
65 -1 -1
66 -1 -1
67 -1 -1
68 -1 -1
69 -1 -1
70 -1 -1
71 -1 -1
72 -1 -1
73 -1 -1
74 -1 -1
75 -1 -1
76 -1 -1
77 -1 -1
78 -1 -1
79 -1 -1
80 -1 -1
81 -1 -1
82 -1 -1
83 -1 -1
84 -1 -1
85 -1 -1
86 -1 -1
87 -1 -1
88 -1 -1
89 -1 -1
90 -1 -1
91 -1 -1
92 -1 -1
93 -1 -1
94 -1 -1
95 -1 -1
96 -1 -1
97 -1 -1
98 -1 -1
99 -1 -1
0 0 0
1 1 22
2 0 48
3 -1 -1
4 -1 -1
5 -1 -1
6 -1 -1
7 -1 -1
8 -1 -1
9 -1 -1
10 30 0
11 30 22
12 30 46
13 -1 -1
14 30 97
15 30 118
16 -1 -1
17 -1 -1
18 -1 -1
19 -1 -1
20 -1 -1
21 -1 -1
22 -1 -1
23 62 72
24 -1 -1
25 -1 -1
26 -1 -1
27 -1 -1
28 -1 -1
29 -1 -1
30 95 0
31 -1 -1
32 -1 -1
33 -1 -1
34 -1 -1
35 94 118
36 -1 -1
37 -1 -1
38 -1 -1
39 -1 -1
40 -1 -1
41 -1 -1
42 -1 -1
43 -1 -1
44 -1 -1
45 126 121
46 -1 -1
47 -1 -1
48 -1 -1
49 -1 -1
50 -1 -1
51 -1 -1
52 -1 -1
53 -1 -1
54 -1 -1
55 -1 -1
56 -1 -1
57 -1 -1
58 -1 -1
59 -1 -1
60 -1 -1
61 -1 -1
62 -1 -1
63 -1 -1
64 -1 -1
65 -1 -1
66 -1 -1
67 -1 -1
68 -1 -1
69 -1 -1
70 -1 -1
71 -1 -1
72 -1 -1
73 -1 -1
74 -1 -1
75 -1 -1
76 -1 -1
77 -1 -1
78 -1 -1
79 -1 -1
80 -1 -1
81 -1 -1
82 -1 -1
83 -1 -1
84 -1 -1
85 -1 -1
86 -1 -1
87 -1 -1
88 -1 -1
89 -1 -1
90 -1 -1
91 -1 -1
92 -1 -1
93 -1 -1
94 -1 -1
95 -1 -1
96 -1 -1
97 -1 -1
98 -1 -1
99 -1 -1
0 0 0
1 0 25
2 0 49
3 -1 -1
4 -1 -1
5 1 118
6 -1 -1
7 -1 -1
8 -1 -1
9 -1 -1
10 30 0
11 30 22
12 -1 -1
13 -1 -1
14 33 97
15 30 118
16 30 144
17 -1 -1
18 -1 -1
19 -1 -1
20 -1 -1
21 -1 -1
22 -1 -1
23 -1 -1
24 -1 -1
25 -1 -1
26 -1 -1
27 -1 -1
28 -1 -1
29 -1 -1
30 94 0
31 -1 -1
32 -1 -1
33 -1 -1
34 -1 -1
35 94 118
36 -1 -1
37 -1 -1
38 -1 -1
39 -1 -1
40 -1 -1
41 -1 -1
42 126 49
43 -1 -1
44 -1 -1
45 126 121
46 -1 -1
47 -1 -1
48 -1 -1
49 -1 -1
50 -1 -1
51 -1 -1
52 -1 -1
53 -1 -1
54 -1 -1
55 158 121
56 -1 -1
57 -1 -1
58 -1 -1
59 -1 -1
60 -1 -1
61 -1 -1
62 -1 -1
63 -1 -1
64 -1 -1
65 -1 -1
66 -1 -1
67 -1 -1
68 -1 -1
69 -1 -1
70 -1 -1
71 -1 -1
72 -1 -1
73 -1 -1
74 -1 -1
75 -1 -1
76 -1 -1
77 -1 -1
78 -1 -1
79 -1 -1
80 -1 -1
81 -1 -1
82 -1 -1
83 -1 -1
84 -1 -1
85 -1 -1
86 -1 -1
87 -1 -1
88 -1 -1
89 -1 -1
90 -1 -1
91 -1 -1
92 -1 -1
93 -1 -1
94 -1 -1
95 -1 -1
96 -1 -1
97 -1 -1
98 -1 -1
99 -1 -1
0 0 0
1 0 25
2 0 46
3 -1 -1
4 -1 -1
5 1 121
6 -1 -1
7 -1 -1
8 -1 -1
9 -1 -1
10 -1 -1
11 30 25
12 -1 -1
13 33 70
14 -1 -1
15 33 118
16 33 145
17 -1 -1
18 -1 -1
19 -1 -1
20 -1 -1
21 -1 -1
22 -1 -1
23 -1 -1
24 -1 -1
25 -1 -1
26 -1 -1
27 -1 -1
28 -1 -1
29 -1 -1
30 -1 -1
31 97 25
32 97 46
33 -1 -1
34 -1 -1
35 94 118
36 -1 -1
37 -1 -1
38 -1 -1
39 -1 -1
40 -1 -1
41 -1 -1
42 -1 -1
43 -1 -1
44 -1 -1
45 126 121
46 -1 -1
47 -1 -1
48 -1 -1
49 -1 -1
50 -1 -1
51 -1 -1
52 -1 -1
53 -1 -1
54 -1 -1
55 158 121
56 -1 -1
57 -1 -1
58 -1 -1
59 -1 -1
60 -1 -1
61 -1 -1
62 -1 -1
63 -1 -1
64 -1 -1
65 -1 -1
66 -1 -1
67 -1 -1
68 -1 -1
69 -1 -1
70 -1 -1
71 -1 -1
72 -1 -1
73 -1 -1
74 -1 -1
75 -1 -1
76 -1 -1
77 -1 -1
78 -1 -1
79 -1 -1
80 -1 -1
81 -1 -1
82 -1 -1
83 -1 -1
84 -1 -1
85 -1 -1
86 -1 -1
87 -1 -1
88 -1 -1
89 -1 -1
90 -1 -1
91 -1 -1
92 -1 -1
93 -1 -1
94 -1 -1
95 -1 -1
96 -1 -1
97 -1 -1
98 -1 -1
99 -1 -1
0 0 0
1 0 25
2 0 47
3 -1 -1
4 -1 -1
5 1 121
6 0 145
7 -1 -1
8 -1 -1
9 -1 -1
10 -1 -1
11 33 23
12 -1 -1
13 -1 -1
14 33 94
15 -1 -1
16 33 142
17 -1 -1
18 -1 -1
19 -1 -1
20 62 1
21 -1 -1
22 -1 -1
23 -1 -1
24 -1 -1
25 -1 -1
26 -1 -1
27 -1 -1
28 -1 -1
29 65 217
30 -1 -1
31 94 25
32 94 49
33 -1 -1
34 -1 -1
35 94 118
36 -1 -1
37 -1 -1
38 -1 -1
39 -1 -1
40 -1 -1
41 -1 -1
42 -1 -1
43 -1 -1
44 -1 -1
45 126 121
46 -1 -1
47 -1 -1
48 -1 -1
49 -1 -1
50 -1 -1
51 -1 -1
52 -1 -1
53 -1 -1
54 -1 -1
55 158 121
56 -1 -1
57 -1 -1
58 -1 -1
59 -1 -1
60 -1 -1
61 -1 -1
62 -1 -1
63 -1 -1
64 -1 -1
65 -1 -1
66 -1 -1
67 -1 -1
68 -1 -1
69 -1 -1
70 -1 -1
71 -1 -1
72 -1 -1
73 -1 -1
74 -1 -1
75 -1 -1
76 -1 -1
77 -1 -1
78 -1 -1
79 -1 -1
80 -1 -1
81 -1 -1
82 -1 -1
83 -1 -1
84 -1 -1
85 -1 -1
86 -1 -1
87 -1 -1
88 -1 -1
89 -1 -1
90 -1 -1
91 -1 -1
92 -1 -1
93 -1 -1
94 -1 -1
95 -1 -1
96 -1 -1
97 -1 -1
98 -1 -1
99 -1 -1
